1 0.369140625 0.94921875 0.0252227783203125 0.0284423828125
1 0.45751953125 0.8216145833333334 0.0305633544921875 0.034810384114583336
1 0.479248046875 0.9537760416666666 0.0210418701171875 0.035603841145833336
1 0.4951171875 0.826171875 0.021697998046875 0.0333251953125
1 0.31982421875 0.962890625 0.0221099853515625 0.029825846354166668
1 0.295166015625 0.9713541666666666 0.0276947021484375 0.0274658203125
1 0.330078125 0.7135416666666666 0.0236968994140625 0.0360107421875
1 0.45849609375 0.71484375 0.0225830078125 0.035135904947916664
1 0.626953125 0.822265625 0.0238189697265625 0.0272216796875
1 0.372314453125 0.9850260416666666 0.021820068359375 0.029439290364583332
1 0.349609375 0.98828125 0.017852783203125 0.02203369140625
1 0.425537109375 0.6829427083333334 0.015838623046875 0.012797037760416666
1 0.59765625 0.6940104166666666 0.0266571044921875 0.028706868489583332
1 0.65234375 0.7005208333333334 0.0215301513671875 0.022989908854166668
1 0.3837890625 0.6656901041666666 0.0153045654296875 0.008550008138020834
1 0.6396484375 0.755859375 0.022674560546875 0.034016927083333336
1 0.427978515625 0.9934895833333334 0.02655029296875 0.012644449869791666
1 0.6318359375 0.7884114583333334 0.020843505859375 0.031819661458333336
1 0.56640625 0.7233072916666666 0.021240234375 0.03826904296875
1 0.66845703125 0.7877604166666666 0.0243377685546875 0.038859049479166664
1 0.50048828125 0.7233072916666666 0.029144287109375 0.044189453125
1 0.57763671875 0.7389322916666666 0.0282135009765625 0.037129720052083336
1 0.3388671875 0.8333333333333334 0.0120086669921875 0.020253499348958332
1 0.7177734375 0.6953125 0.015716552734375 0.018605550130208332
