1 0.74462890625 0.6796875 0.0321044921875 0.0283203125
1 0.76953125 0.787109375 0.0216217041015625 0.022725423177083332
1 0.607421875 0.6907552083333334 0.0309600830078125 0.036092122395833336
1 0.72607421875 0.8072916666666666 0.0264129638671875 0.034342447916666664
1 0.426025390625 0.7727864583333334 0.023956298828125 0.030171712239583332
1 0.50244140625 0.7044270833333334 0.0260009765625 0.026957194010416668
1 0.65576171875 0.5716145833333334 0.0242767333984375 0.036641438802083336
1 0.6123046875 0.8255208333333334 0.024383544921875 0.038411458333333336
1 0.451171875 0.7923177083333334 0.021240234375 0.026896158854166668
1 0.4931640625 0.80078125 0.0210418701171875 0.020253499348958332
1 0.59716796875 0.572265625 0.024139404296875 0.032755533854166664
1 0.57080078125 0.6673177083333334 0.02386474609375 0.023173014322916668
1 0.443603515625 0.71875 0.0216217041015625 0.023701985677083332
1 0.324462890625 0.7180989583333334 0.033660888671875 0.040974934895833336
1 0.2958984375 0.8444010416666666 0.03240966796875 0.02471923828125
1 0.71142578125 0.689453125 0.0171051025390625 0.029256184895833332
1 0.6005859375 0.73046875 0.0250396728515625 0.027689615885416668
1 0.79052734375 0.6546223958333334 0.02532958984375 0.025655110677083332
1 0.409423828125 0.9466145833333334 0.02447509765625 0.024495442708333332
1 0.64794921875 0.6171875 0.025421142578125 0.024495442708333332
1 0.68115234375 0.5944010416666666 0.0212860107421875 0.02886962890625
1 0.318359375 0.6416015625 0.019989013671875 0.02325439453125
1 0.45361328125 0.6595052083333334 0.0234222412109375 0.0284423828125
1 0.370849609375 0.5826822916666666 0.01678466796875 0.025349934895833332
1 0.394287109375 0.6061197916666666 0.021575927734375 0.028055826822916668
1 0.327880859375 0.6080729166666666 0.033843994140625 0.042805989583333336
1 0.47265625 0.5927734375 0.0177764892578125 0.025594075520833332
1 0.5146484375 0.6559244791666666 0.0190582275390625 0.0296630859375
1 0.60107421875 0.8450520833333334 0.01898193359375 0.036783854166666664
1 0.424560546875 0.908203125 0.01751708984375 0.018391927083333332
1 0.49853515625 0.6139322916666666 0.016845703125 0.027587890625
1 0.451904296875 0.578125 0.01861572265625 0.0211181640625
1 0.6083984375 0.60546875 0.0180206298828125 0.0224609375
1 0.70654296875 0.6292317708333334 0.0177764892578125 0.02972412109375
1 0.3896484375 0.9029947916666666 0.0201416015625 0.027689615885416668
1 0.5595703125 0.6298828125 0.024139404296875 0.022725423177083332
1 0.5322265625 0.6038411458333334 0.02191162109375 0.036356608072916664
1 0.69921875 0.5725911458333334 0.023101806640625 0.021464029947916668
1 0.51611328125 0.900390625 0.017181396484375 0.0264892578125
1 0.311767578125 0.91015625 0.034698486328125 0.022725423177083332
1 0.728515625 0.5797526041666666 0.0258636474609375 0.02545166015625
1 0.54150390625 0.5872395833333334 0.021484375 0.022298177083333332
1 0.65283203125 0.6412760416666666 0.0257110595703125 0.023173014322916668
