0 0.366634 0.209646 0.041667 0.043799
0 0.326608 0.263164 0.050197 0.035187
0 0.298064 0.300320 0.047572 0.030266
0 0.310367 0.354577 0.024278 0.024114
0 0.389928 0.369341 0.052165 0.030512
0 0.268537 0.368848 0.039698 0.021654
0 0.347277 0.441191 0.052165 0.041831
0 0.276411 0.401452 0.047572 0.029774
0 0.278871 0.520054 0.043963 0.030758
0 0.243110 0.552904 0.055774 0.031004
0 0.273458 0.591289 0.044291 0.041831
0 0.220636 0.723548 0.036417 0.036171
0 0.255741 0.726132 0.028543 0.043307
0 0.239665 0.765256 0.042323 0.030020
0 0.288878 0.805487 0.054790 0.041093
0 0.285925 0.690453 0.041010 0.017224
0 0.678314 0.898622 0.077100 0.064961
0 0.641076 0.825910 0.055118 0.036663
0 0.558727 0.805241 0.056430 0.042569
0 0.615322 0.766117 0.070538 0.033711
0 0.541010 0.722318 0.053150 0.041585
0 0.643209 0.725640 0.054790 0.045276
0 0.664534 0.664124 0.045604 0.040846
0 0.627625 0.627215 0.059055 0.031004
0 0.572835 0.591658 0.055118 0.036171
0 0.798556 0.525837 0.060367 0.049213
0 0.693241 0.451526 0.068241 0.050197
0 0.597277 0.427781 0.060696 0.042077
0 0.639764 0.297490 0.059055 0.031496
0 0.692913 0.210015 0.036745 0.038140
0 0.835630 0.196112 0.057087 0.038878
0 0.641076 0.234375 0.057743 0.036663
1 0.623031 0.475517 0.021654 0.012057
1 0.639108 0.546137 0.020341 0.017470
1 0.562172 0.617249 0.016076 0.013041
1 0.626804 0.653420 0.020669 0.011073
1 0.630413 0.696727 0.018701 0.012549
1 0.599245 0.724286 0.020669 0.012549
1 0.561844 0.751353 0.019357 0.013041
1 0.560039 0.768578 0.025591 0.014518
1 0.561516 0.864173 0.021325 0.020177
1 0.343832 0.637426 0.017717 0.016486
