1 0.464599609375 0.7434895833333334 0.0280609130859375 0.02960205078125
1 0.5009765625 0.7454427083333334 0.020965576171875 0.025166829427083332
1 0.4853515625 0.8600260416666666 0.019683837890625 0.031168619791666668
1 0.34521484375 0.6422526041666666 0.0243377685546875 0.027364095052083332
1 0.38134765625 0.8600260416666666 0.0206451416015625 0.029378255208333332
1 0.336669921875 0.87109375 0.0217437744140625 0.034281412760416664
1 0.438232421875 0.9075520833333334 0.0248870849609375 0.024861653645833332
1 0.314697265625 0.8834635416666666 0.0232391357421875 0.026143391927083332
1 0.46728515625 0.6471354166666666 0.023101806640625 0.031697591145833336
1 0.386474609375 0.8997395833333334 0.020965576171875 0.035807291666666664
1 0.64794921875 0.6344401041666666 0.0205230712890625 0.020172119140625
1 0.5966796875 0.6292317708333334 0.0255584716796875 0.025553385416666668
1 0.505859375 0.6559244791666666 0.027435302734375 0.03863525390625
1 0.62451171875 0.74609375 0.022979736328125 0.023518880208333332
1 0.6357421875 0.6848958333333334 0.0202178955078125 0.02960205078125
1 0.362060546875 0.9108072916666666 0.022674560546875 0.036783854166666664
1 0.5673828125 0.6555989583333334 0.01983642578125 0.032002766927083336
1 0.66162109375 0.7141927083333334 0.020172119140625 0.033955891927083336
1 0.62841796875 0.7141927083333334 0.0182647705078125 0.02960205078125
1 0.57666015625 0.6692708333333334 0.02752685546875 0.03363037109375
1 0.396240234375 0.6009114583333334 0.01422882080078125 0.010955810546875
1 0.435302734375 0.619140625 0.01467132568359375 0.011088053385416666
1 0.74560546875 0.9563802083333334 0.0201416015625 0.026692708333333332
1 0.70947265625 0.6295572916666666 0.01507568359375 0.017425537109375
1 0.354736328125 0.75390625 0.01090240478515625 0.011617024739583334
