1 0.5734325787401574 0.7235367454068242 0.0559768700787401 0.0531266404199476
1 0.6123056102362204 0.5810531496062992 0.029921259842519775 0.03344816272965873
1 0.8198252952755906 0.5862631233595801 0.04336614173228341 0.04256233595800526
1 0.6957997047244094 0.6025393700787401 0.03320374015748022 0.04776902887139105
1 0.4367667322834646 0.6959645669291339 0.03823818897637798 0.05126968503937015
1 0.39624015748031494 0.6178379265091863 0.03390501968503936 0.04931758530183732
1 0.14624015748031496 0.6477854330708661 0.02433809055118112 0.030009842519684974
1 0.3125 0.680990813648294 0.03964320866141736 0.031758530183727096
1 0.3701181102362205 0.548503937007874 0.026961122047244136 0.03916338582677162
1 0.1937253937007874 0.7037762467191602 0.04492125984251967 0.05761811023622044
1 0.75 0.47037729658792654 0.04184055118110235 0.03798556430446201
1 0.5839837598425197 0.7838549868766405 0.04638779527559066 0.06404527559055119
1 0.2120349409448819 0.787759186351706 0.04672244094488192 0.050698818897637714
1 0.49706938976377957 0.49576771653543306 0.036560039370078776 0.027322834645669355
1 0.45947342519685036 0.49479330708661423 0.03408710629921265 0.037477034120734914
1 0.5405265748031496 0.5384120734908137 0.03533956692913383 0.028218503937007946
1 0.20654281496062993 0.6503904199475067 0.045196850393700805 0.05236876640419951
1 0.7670890748031496 0.7929691601049869 0.05117864173228341 0.05826771653543319
1 0.59375 0.6634120734908137 0.038543307086614256 0.04113845144356958
1 0.6318356299212599 0.5263681102362204 0.03475885826771659 0.03194225721784781
1 0.8037106299212599 0.7154954068241469 0.021011318897637875 0.031696194225721674
1 0.2570792322834646 0.77375656167979 0.05145177165354328 0.0363221784776903
1 0.3620595472440945 0.47037729658792654 0.026503444881889774 0.028382545931758603
1 0.442310531496063 0.5612631233595801 0.029335629921259793 0.047250656167978994
1 0.47152066929133857 0.5583595800524934 0.026040846456692895 0.04429461942257225
1 0.26144438976377954 0.8139173228346457 0.04223917322834645 0.03922244094488195
