1 0.6611328125 0.6907552083333334 0.04779052734375 0.041524251302083336
1 0.7080078125 0.517578125 0.0333251953125 0.037923177083333336
1 0.58203125 0.412109375 0.040313720703125 0.030293782552083332
1 0.52001953125 0.6484375 0.0341796875 0.051106770833333336
1 0.9345703125 0.5309244791666666 0.05023193359375 0.040974934895833336
1 0.4453125 0.4762369791666667 0.0285491943359375 0.039225260416666664
1 0.5380859375 0.4104817708333333 0.036834716796875 0.03863525390625
1 0.2191162109375 0.5895182291666666 0.0236968994140625 0.03460693359375
1 0.47216796875 0.55859375 0.0416259765625 0.055501302083333336
1 0.68408203125 0.6178385416666666 0.04052734375 0.049601236979166664
1 0.677734375 0.7552083333333334 0.044677734375 0.06298828125
1 0.73291015625 0.4479166666666667 0.037200927734375 0.037923177083333336
1 0.3935546875 0.6282552083333334 0.04107666015625 0.038777669270833336
1 0.79541015625 0.5413411458333334 0.039642333984375 0.052449544270833336
1 0.282470703125 0.5921223958333334 0.046722412109375 0.058919270833333336
1 0.272216796875 0.6572265625 0.047149658203125 0.06624348958333333
1 0.294677734375 0.751953125 0.045684814453125 0.057169596354166664
1 0.5341796875 0.4889322916666667 0.052825927734375 0.047119140625
1 0.861328125 0.3798828125 0.038909912109375 0.042236328125
1 0.8681640625 0.7779947916666666 0.05975341796875 0.0596923828125
1 0.342041015625 0.7747395833333334 0.052520751953125 0.057291666666666664
1 0.34033203125 0.734375 0.0384521484375 0.047648111979166664
1 0.348388671875 0.5491536458333334 0.01490020751953125 0.032694498697916664
1 0.62841796875 0.4635416666666667 0.038970947265625 0.03533935546875
