0 0.433235 0.741142 0.054134 0.044291
0 0.322671 0.745448 0.055446 0.028789
0 0.280184 0.709031 0.040026 0.031250
0 0.348589 0.696235 0.057415 0.036663
0 0.261811 0.663140 0.038058 0.027559
0 0.311680 0.629429 0.032152 0.027559
0 0.351542 0.636565 0.041010 0.029528
0 0.396982 0.680487 0.032808 0.034203
0 0.428806 0.635458 0.036089 0.020423
0 0.431430 0.583907 0.036089 0.025098
0 0.465387 0.569144 0.028543 0.023622
0 0.295604 0.556594 0.020341 0.024606
0 0.319390 0.560655 0.023294 0.018455
0 0.337927 0.537156 0.034777 0.023622
0 0.412073 0.522392 0.029528 0.024606
0 0.374344 0.511688 0.031496 0.019931
0 0.474081 0.461737 0.031496 0.026821
0 0.487369 0.413017 0.024606 0.016486
0 0.450623 0.442913 0.027231 0.010827
0 0.390748 0.445989 0.030840 0.017963
0 0.402887 0.469488 0.030840 0.022146
0 0.467028 0.363804 0.031824 0.020423
0 0.649606 0.307825 0.030184 0.023130
0 0.638780 0.404774 0.032808 0.032972
0 0.658136 0.442913 0.041995 0.027067
0 0.747539 0.435408 0.041667 0.030266
0 0.703412 0.456201 0.040026 0.017717
0 0.744587 0.471949 0.037073 0.023130
0 0.864829 0.542815 0.060367 0.042323
0 0.657808 0.600271 0.043963 0.032726
0 0.665846 0.647023 0.045604 0.044537
0 0.699311 0.774360 0.049541 0.047244
1 0.271161 0.636934 0.016732 0.009596
1 0.307743 0.491757 0.009843 0.008612
1 0.316929 0.603346 0.013123 0.010827
1 0.252789 0.616142 0.007546 0.010827
1 0.266568 0.622662 0.008202 0.007628
1 0.298885 0.651329 0.013780 0.011319
1 0.234908 0.691068 0.010499 0.013041
1 0.240814 0.710384 0.006562 0.014764
1 0.202920 0.762426 0.012795 0.013041
1 0.256890 0.759350 0.015092 0.012795
1 0.247375 0.773007 0.011155 0.011565
1 0.253117 0.730069 0.008202 0.009843
1 0.231955 0.716905 0.007874 0.011565
1 0.342520 0.604823 0.009843 0.006890
1 0.351870 0.604454 0.006234 0.006644
1 0.366962 0.595226 0.007546 0.009843
1 0.371555 0.581816 0.009514 0.006644
1 0.338583 0.589567 0.009186 0.007382
1 0.278543 0.590551 0.006562 0.007874
1 0.414534 0.558932 0.012795 0.008612
1 0.395669 0.543799 0.007218 0.009350
1 0.404199 0.544783 0.007218 0.005413
1 0.311516 0.782849 0.008858 0.014518
1 0.292651 0.784080 0.011811 0.011565
1 0.221621 0.782726 0.009514 0.009843
1 0.825623 0.505906 0.042323 0.019193
1 0.778543 0.351132 0.011811 0.014272
0 0.739665 0.346457 0.041667 0.023622
0 0.682251 0.338091 0.024606 0.015748
0 0.704232 0.349779 0.016732 0.027805
0 0.700295 0.382874 0.028543 0.018209
0 0.734744 0.317667 0.040354 0.021654
