1 0.51953125 0.4182942708333333 0.0360107421875 0.0545654296875
1 0.646484375 0.7688802083333334 0.0141754150390625 0.016764322916666668
1 0.58154296875 0.5159505208333334 0.010528564453125 0.019785563151041668
1 0.5185546875 0.5055338541666666 0.024658203125 0.028605143229166668
1 0.984375 0.9401041666666666 0.0127716064453125 0.016642252604166668
1 0.53857421875 0.853515625 0.01282501220703125 0.012166341145833334
1 0.56005859375 0.7923177083333334 0.032470703125 0.044189453125
1 0.87939453125 0.9368489583333334 0.042816162109375 0.053751627604166664
1 0.953125 0.849609375 0.007549285888671875 0.02154541015625
1 0.49609375 0.369140625 0.005279541015625 0.0169677734375
1 0.85009765625 0.78515625 0.0202178955078125 0.02752685546875
1 0.69384765625 0.396484375 0.0341796875 0.054239908854166664
1 0.630859375 0.8033854166666666 0.00864410400390625 0.0075531005859375
1 0.71533203125 0.8509114583333334 0.00867462158203125 0.014373779296875
