1 0.2773548228346457 0.6936646981627297 0.0412573818897638 0.05123359580052489
1 0.26872293307086614 0.7488517060367454 0.04170767716535433 0.05793307086614171
1 0.2881003937007874 0.8240354330708661 0.03781003937007871 0.048631889763779385
1 0.3266904527559055 0.811509186351706 0.036909448818897635 0.03320209973753275
1 0.33015501968503935 0.8496587926509187 0.04351131889763778 0.041699475065616914
1 0.37496062992125984 0.7242618110236221 0.035679133858267716 0.031066272965879133
1 0.4488607283464567 0.6628838582677166 0.037155511811023625 0.04829068241469818
1 0.4240501968503937 0.5949606299212599 0.02526082677165351 0.039740813648294
1 0.5042667322834646 0.5424376640419947 0.03346456692913386 0.037493438320210036
1 0.5411761811023622 0.5432283464566929 0.03346456692913386 0.0320767716535433
1 0.5816313976377953 0.5836745406824146 0.03334153543307087 0.03598097112860895
1 0.5137795275590551 0.6061286089238845 0.02099655511811022 0.04414041994750655
1 0.4888877952755905 0.6067847769028871 0.027312992125984252 0.03845472440944883
1 0.6669143700787402 0.5779002624671916 0.0359251968503937 0.030767716535433136
1 0.6475984251968504 0.6301541994750657 0.02780511811023622 0.038385826771653545
1 0.7238754921259842 0.6496391076115485 0.03436515748031493 0.05023622047244091
1 0.6308858267716536 0.7113254593175853 0.03703248031496063 0.040626640419947485
1 0.6110580708661417 0.7698359580052494 0.0459325787401575 0.046099081364829465
1 0.6229084645669292 0.8260498687664043 0.04437253937007872 0.06053805774278229
1 0.7734793307086615 0.5099606299212598 0.04105068897637793 0.04909448818897633
1 0.8383366141732284 0.6343438320209974 0.043799212598425195 0.0480774278215223
1 0.7895964566929135 0.835242782152231 0.04736712598425197 0.053113517060367564
