1 0.16015625 0.3850911458333333 0.0242767333984375 0.034403483072916664
1 0.2156982421875 0.556640625 0.0197906494140625 0.029215494791666668
1 0.11102294921875 0.5940755208333334 0.0241851806640625 0.022562662760416668
1 0.4521484375 0.31982421875 0.0225830078125 0.017771402994791668
1 0.27197265625 0.7063802083333334 0.0211181640625 0.031351725260416664
1 0.294677734375 0.625 0.013275146484375 0.019785563151041668
1 0.34765625 0.6731770833333334 0.0087127685546875 0.012746175130208334
1 0.37353515625 0.5514322916666666 0.0200653076171875 0.019266764322916668
1 0.43896484375 0.5657552083333334 0.0087127685546875 0.009531656901041666
1 0.1671142578125 0.5930989583333334 0.00930023193359375 0.007731119791666667
1 0.56396484375 0.3385416666666667 0.0163421630859375 0.027587890625
1 0.271728515625 0.3896484375 0.02056884765625 0.034342447916666664
