0 0.236220 0.181718 0.054462 0.034695
0 0.268209 0.259350 0.081693 0.052165
0 0.387467 0.275468 0.080052 0.067667
0 0.516404 0.339321 0.076115 0.070866
0 0.250164 0.468504 0.053478 0.037402
0 0.203576 0.481176 0.046916 0.052904
0 0.326608 0.513903 0.075131 0.042569
0 0.372703 0.554011 0.062336 0.055856
0 0.209154 0.579724 0.074475 0.059547
0 0.353839 0.639149 0.078412 0.060778
0 0.228675 0.651944 0.068898 0.050935
0 0.316601 0.703986 0.095144 0.065453
0 0.254101 0.759966 0.084318 0.050935
0 0.188484 0.789001 0.056759 0.059793
0 0.359744 0.771777 0.063320 0.046014
0 0.407808 0.870694 0.108268 0.083907
1 0.267717 0.835138 0.024934 0.020177
1 0.256726 0.708784 0.019357 0.018455
1 0.257218 0.685162 0.019685 0.014518
1 0.300853 0.643824 0.024278 0.017963
1 0.340879 0.602116 0.023622 0.016240
1 0.331857 0.544414 0.016732 0.014026
1 0.333825 0.407111 0.020669 0.023376
1 0.483104 0.294660 0.012795 0.023376
1 0.597769 0.139272 0.027559 0.022146
