1 0.466796875 0.2962239583333333 0.046112060546875 0.038716634114583336
1 0.347412109375 0.4703776041666667 0.04876708984375 0.0584716796875
1 0.421142578125 0.2965494791666667 0.041839599609375 0.049031575520833336
1 0.5810546875 0.517578125 0.047698974609375 0.04931640625
1 0.6376953125 0.3328450520833333 0.04248046875 0.050984700520833336
1 0.313720703125 0.3782552083333333 0.033843994140625 0.050252278645833336
1 0.5546875 0.5992838541666666 0.056243896484375 0.057088216145833336
1 0.25537109375 0.5524088541666666 0.049407958984375 0.045817057291666664
1 0.853515625 0.4065755208333333 0.0521240234375 0.044718424479166664
1 0.771484375 0.24690755208333334 0.051849365234375 0.0594482421875
1 0.398193359375 0.5667317708333334 0.04534912109375 0.0565185546875
1 0.06097412109375 0.5188802083333334 0.0310211181640625 0.036234537760416664
1 0.124755859375 0.5179036458333334 0.05419921875 0.06490071614583333
1 0.6982421875 0.4319661458333333 0.04681396484375 0.06587727864583333
1 0.4169921875 0.3873697916666667 0.061431884765625 0.056966145833333336
1 0.60546875 0.4078776041666667 0.03448486328125 0.046427408854166664
1 0.1190185546875 0.5947265625 0.053802490234375 0.07609049479166667
1 0.560546875 0.669921875 0.046630859375 0.0677490234375
1 0.301513671875 0.2591145833333333 0.03912353515625 0.0557861328125
1 0.82470703125 0.5758463541666666 0.0264129638671875 0.042073567708333336
1 0.7724609375 0.685546875 0.063232421875 0.06612141927083333
1 0.76513671875 0.4462890625 0.0162811279296875 0.0098724365234375
