0 0.247785 0.171916 0.044291 0.060367
0 0.156619 0.432415 0.039616 0.027559
0 0.172367 0.472605 0.039124 0.035105
0 0.349286 0.436352 0.046998 0.062336
0 0.214444 0.517552 0.057333 0.050197
0 0.279651 0.543307 0.054380 0.030184
0 0.252953 0.593504 0.041339 0.051181
0 0.072343 0.684383 0.047736 0.072178
0 0.114296 0.646161 0.030266 0.067913
0 0.145915 0.651411 0.031004 0.052822
0 0.112574 0.573983 0.035187 0.063976
0 0.370817 0.632710 0.048720 0.086286
0 0.150960 0.589239 0.041585 0.067585
0 0.203986 0.575131 0.043307 0.037402
0 0.197096 0.660597 0.054134 0.059383
0 0.444390 0.443077 0.023130 0.047572
0 0.531127 0.466699 0.046014 0.042323
0 0.618848 0.424869 0.050689 0.066273
0 0.693652 0.421260 0.047244 0.055774
0 0.771531 0.508202 0.050443 0.057743
0 0.739911 0.556430 0.048228 0.049869
0 0.578740 0.535105 0.045768 0.051837
1 0.607653 0.548064 0.011073 0.020013
0 0.666216 0.620571 0.053888 0.064633
0 0.957923 0.654692 0.060039 0.084974
0 0.890625 0.545932 0.048474 0.050525
0 0.863066 0.508694 0.032726 0.043635
1 0.023376 0.540354 0.013780 0.022310
1 0.052411 0.538386 0.022638 0.014436
1 0.086491 0.533957 0.015502 0.012795
1 0.186762 0.417323 0.011811 0.011811
1 0.203986 0.447014 0.012795 0.012795
1 0.279897 0.431102 0.017470 0.015092
1 0.211368 0.549541 0.016240 0.015748
1 0.362451 0.509022 0.014272 0.013451
1 0.466043 0.493766 0.009843 0.017717
1 0.435901 0.537566 0.011565 0.016732
1 0.422736 0.446850 0.011811 0.016404
1 0.538509 0.534613 0.010089 0.014108
1 0.272761 0.638944 0.014518 0.014764
1 0.497293 0.640584 0.015748 0.015420
1 0.456570 0.658957 0.017470 0.019357
1 0.659695 0.426837 0.013780 0.018373
1 0.661417 0.404364 0.013287 0.016076
1 0.728962 0.375492 0.011565 0.021982
1 0.771038 0.387139 0.015010 0.014436
1 0.675443 0.523458 0.018209 0.023294
1 0.643824 0.497539 0.014026 0.022638
1 0.734621 0.515092 0.017470 0.013780
1 0.776575 0.566929 0.015748 0.024934
1 0.818282 0.591371 0.022392 0.017388
1 0.852731 0.370899 0.011565 0.019357
1 0.844488 0.407316 0.017224 0.014764
1 0.825049 0.447343 0.018701 0.017388
1 0.792569 0.397474 0.008858 0.011483
1 0.858637 0.543471 0.009596 0.018045
1 0.337106 0.589895 0.010827 0.024278
