0 0.118602 0.266896 0.036417 0.041010
0 0.307825 0.309055 0.028543 0.038058
0 0.411540 0.383530 0.025344 0.037402
0 0.505413 0.352034 0.023130 0.030184
0 0.524606 0.414534 0.018701 0.023294
0 0.542938 0.408793 0.021407 0.026903
0 0.701156 0.576115 0.034203 0.032152
0 0.654651 0.568570 0.029281 0.030184
0 0.664985 0.603346 0.025837 0.030840
0 0.569636 0.565781 0.031004 0.034449
0 0.507382 0.605479 0.038878 0.044291
0 0.252215 0.661581 0.058071 0.056102
0 0.322712 0.602526 0.031742 0.042979
0 0.459892 0.660269 0.033957 0.039698
0 0.536417 0.687500 0.036909 0.048885
0 0.589813 0.686024 0.037894 0.049213
0 0.470842 0.400427 0.009596 0.010171
1 0.097441 0.520505 0.010827 0.016732
1 0.212721 0.581529 0.015010 0.009514
1 0.221334 0.591043 0.012549 0.011483
1 0.300935 0.596293 0.007874 0.023294
1 0.333907 0.556430 0.008366 0.008530
1 0.391240 0.542487 0.012303 0.013451
1 0.609006 0.569554 0.006398 0.013780
1 0.591781 0.586286 0.008366 0.008530
1 0.696604 0.685367 0.011319 0.013780
1 0.755536 0.657316 0.007136 0.015420
1 0.740034 0.627297 0.010089 0.009843
1 0.578617 0.391896 0.009596 0.010171
1 0.585015 0.420276 0.009104 0.009186
1 0.539862 0.383530 0.010335 0.009186
1 0.533095 0.355971 0.010089 0.009843
1 0.477854 0.336450 0.010827 0.011483
1 0.407480 0.359580 0.012795 0.009186
1 0.402313 0.345308 0.008366 0.012139
1 0.339198 0.340387 0.007136 0.007546
1 0.329109 0.330052 0.006644 0.008530
1 0.331324 0.308891 0.006152 0.012139
1 0.325541 0.311188 0.004429 0.010827
1 0.270915 0.298720 0.010335 0.011483
1 0.281250 0.307415 0.007874 0.012467
1 0.126599 0.295276 0.011073 0.010499
1 0.176058 0.275755 0.014026 0.010827
1 0.159326 0.331693 0.013041 0.009186
1 0.191806 0.292487 0.012549 0.018045
1 0.202018 0.282808 0.006890 0.011811
1 0.236097 0.276739 0.005659 0.012795
1 0.180118 0.331365 0.012303 0.012467
1 0.368479 0.320702 0.006644 0.012139
1 0.370940 0.333661 0.008120 0.012467
1 0.389026 0.360236 0.008366 0.009843
1 0.427165 0.374672 0.005906 0.011811
1 0.491019 0.413058 0.006152 0.012467
1 0.567175 0.385171 0.007874 0.011155
