1 0.8330078125 0.9108072916666666 0.03021240234375 0.031107584635416668
1 0.72265625 0.6490885416666666 0.0289306640625 0.04083251953125
1 0.83984375 0.7623697916666666 0.0394287109375 0.032633463541666664
1 0.8837890625 0.8854166666666666 0.0254669189453125 0.0264892578125
1 0.56640625 0.8138020833333334 0.03302001953125 0.032999674479166664
1 0.47900390625 0.9088541666666666 0.0311431884765625 0.044718424479166664
1 0.80712890625 0.78125 0.023101806640625 0.042399088541666664
1 0.68505859375 0.7923177083333334 0.03448486328125 0.0452880859375
1 0.499755859375 0.837890625 0.02685546875 0.031758626302083336
1 0.63916015625 0.763671875 0.025421142578125 0.029825846354166668
1 0.755859375 0.6725260416666666 0.0253753662109375 0.031168619791666668
1 0.5478515625 0.7102864583333334 0.019012451171875 0.031880696614583336
1 0.72216796875 0.7037760416666666 0.03179931640625 0.030863444010416668
1 0.55517578125 0.939453125 0.0234222412109375 0.038716634114583336
1 0.51171875 0.9283854166666666 0.0265045166015625 0.037556966145833336
1 0.6572265625 0.6559244791666666 0.023101806640625 0.036702473958333336
1 0.68603515625 0.8365885416666666 0.026702880859375 0.03778076171875
1 0.3544921875 0.8483072916666666 0.0391845703125 0.0518798828125
1 0.71240234375 0.953125 0.021942138671875 0.048828125
1 0.49951171875 0.7662760416666666 0.02606201171875 0.034871419270833336
1 0.42529296875 0.7102864583333334 0.0240020751953125 0.031697591145833336
1 0.57275390625 0.755859375 0.0228424072265625 0.030293782552083332
1 0.490234375 0.67578125 0.0199127197265625 0.02593994140625
1 0.61962890625 0.724609375 0.02691650390625 0.033955891927083336
1 0.3974609375 0.685546875 0.019378662109375 0.0289306640625
1 0.5146484375 0.689453125 0.020294189453125 0.029439290364583332
1 0.35009765625 0.7213541666666666 0.034942626953125 0.051106770833333336
1 0.79248046875 0.6953125 0.0255126953125 0.0509033203125
1 0.34326171875 0.759765625 0.027740478515625 0.030008951822916668
1 0.7275390625 0.728515625 0.03179931640625 0.025166829427083332
1 0.80126953125 0.6608072916666666 0.02947998046875 0.036295572916666664
1 0.45458984375 0.708984375 0.017578125 0.026082356770833332
1 0.59375 0.677734375 0.0250396728515625 0.024576822916666668
1 0.467529296875 0.740234375 0.017852783203125 0.030985514322916668
1 0.2125244140625 0.8294270833333334 0.0225372314453125 0.032816569010416664
1 0.67919921875 0.751953125 0.02532958984375 0.020650227864583332
1 0.6865234375 0.9759114583333334 0.0231475830078125 0.046590169270833336
1 0.4697265625 0.7200520833333334 0.0205230712890625 0.026082356770833332
1 0.7421875 0.7434895833333334 0.0169219970703125 0.034810384114583336
1 0.80029296875 0.6393229166666666 0.02484130859375 0.032694498697916664
