0 0.196973 0.298720 0.030266 0.033793
0 0.365650 0.342520 0.029035 0.039370
0 0.460384 0.410761 0.023622 0.031496
0 0.553642 0.384514 0.022638 0.032808
0 0.585384 0.437500 0.022638 0.023950
0 0.741511 0.602034 0.033219 0.030840
0 0.693898 0.592028 0.025098 0.027887
0 0.705586 0.627297 0.028297 0.032808
0 0.608145 0.586778 0.029774 0.033136
0 0.545153 0.621555 0.035187 0.043635
0 0.496186 0.669619 0.032726 0.038058
0 0.569390 0.699967 0.035433 0.052165
0 0.625000 0.700951 0.034941 0.048885
0 0.372785 0.610400 0.026575 0.042323
0 0.304011 0.660597 0.051427 0.048885
1 0.201526 0.328740 0.007874 0.014436
1 0.246432 0.313812 0.013041 0.012795
1 0.260335 0.327100 0.009843 0.016404
1 0.268824 0.318570 0.004675 0.011811
1 0.228469 0.363025 0.014026 0.011483
1 0.248031 0.362369 0.014764 0.016076
1 0.297367 0.380413 0.008120 0.014764
1 0.300689 0.315617 0.006890 0.013780
1 0.332554 0.334318 0.011073 0.011811
1 0.343627 0.343176 0.007136 0.013780
1 0.336983 0.320702 0.008120 0.009514
1 0.385827 0.363353 0.006890 0.010827
1 0.395792 0.373360 0.010089 0.008530
1 0.388041 0.341699 0.004921 0.011483
1 0.430979 0.355479 0.005659 0.013451
1 0.439715 0.391076 0.008366 0.010499
1 0.452756 0.376640 0.008366 0.011811
1 0.457800 0.389764 0.008120 0.007874
1 0.525837 0.368766 0.009843 0.009843
1 0.517101 0.426837 0.009104 0.008530
1 0.535802 0.441109 0.006152 0.010827
1 0.579724 0.386811 0.009350 0.010499
1 0.590797 0.388123 0.006890 0.011155
1 0.610359 0.416667 0.006644 0.008530
1 0.593996 0.412073 0.003445 0.007218
1 0.621063 0.393865 0.005906 0.008858
1 0.624631 0.421752 0.007628 0.012795
1 0.621924 0.439797 0.010089 0.010827
1 0.637549 0.416831 0.006398 0.013451
1 0.659572 0.438320 0.006644 0.014436
1 0.647392 0.591207 0.007382 0.015092
1 0.630290 0.607940 0.008120 0.009843
1 0.780512 0.652231 0.013287 0.011155
1 0.436024 0.557087 0.012795 0.014436
1 0.382382 0.568570 0.010335 0.008530
1 0.272146 0.587598 0.014272 0.010499
1 0.278912 0.597277 0.013041 0.008858
1 0.169414 0.530020 0.009596 0.013451
1 0.476132 0.404364 0.005413 0.009514
