0 0.265256 0.217889 0.033136 0.036171
1 0.293635 0.297736 0.005906 0.011319
0 0.331857 0.183686 0.044948 0.023376
0 0.364337 0.213829 0.028543 0.029035
0 0.320046 0.254429 0.058727 0.044783
0 0.449475 0.125369 0.034777 0.033711
0 0.496063 0.133735 0.045276 0.021900
0 0.510991 0.155881 0.040354 0.016978
0 0.557907 0.148130 0.037730 0.035925
0 0.513615 0.208415 0.045604 0.029528
0 0.512467 0.250984 0.040026 0.034941
0 0.493110 0.311393 0.040682 0.021407
0 0.448491 0.341043 0.041339 0.019685
0 0.293963 0.345103 0.044619 0.033219
0 0.337762 0.386934 0.054790 0.033711
0 0.434055 0.367372 0.051181 0.023622
0 0.511155 0.350763 0.036089 0.038140
0 0.215059 0.492618 0.057415 0.038878
0 0.288550 0.481545 0.047572 0.027559
0 0.295768 0.447835 0.039042 0.034941
0 0.262139 0.533095 0.037402 0.035679
0 0.217028 0.533219 0.048228 0.032480
0 0.183399 0.575172 0.049869 0.032234
0 0.400098 0.519193 0.053478 0.030020
0 0.400098 0.482283 0.048228 0.040354
0 0.402887 0.565576 0.039370 0.030758
0 0.280840 0.599656 0.058399 0.039370
0 0.517717 0.585384 0.051837 0.024114
0 0.524442 0.620325 0.053478 0.022638
0 0.591535 0.536909 0.055118 0.027559
0 0.704560 0.417569 0.033793 0.032972
0 0.824639 0.543307 0.054790 0.036909
0 0.804134 0.488558 0.051837 0.022884
0 0.906496 0.454478 0.043307 0.043307
0 0.886319 0.575541 0.044948 0.036909
0 0.867126 0.671875 0.060367 0.029281
0 0.798885 0.814715 0.063648 0.037402
0 0.368274 0.825049 0.059383 0.035925
0 0.289698 0.813238 0.045276 0.044783
0 0.352854 0.785802 0.058071 0.033219
0 0.290682 0.764764 0.043307 0.046752
0 0.337927 0.749385 0.049869 0.026821
0 0.408957 0.746063 0.056102 0.024114
0 0.373196 0.657480 0.050197 0.029528
0 0.370407 0.685285 0.061024 0.023130
0 0.469980 0.650468 0.050853 0.020915
0 0.377461 0.621432 0.049541 0.029774
0 0.415354 0.435408 0.049869 0.031250
0 0.519521 0.397269 0.044291 0.033711
0 0.764108 0.363312 0.025591 0.029281
0 0.781496 0.270300 0.043307 0.023376
0 0.626640 0.334277 0.040682 0.028297
0 0.813320 0.330832 0.035433 0.021407
0 0.807087 0.129552 0.037402 0.039616
0 0.682743 0.189345 0.042651 0.023376
0 0.658301 0.156865 0.035761 0.026329
0 0.635827 0.412648 0.043307 0.017717
0 0.670932 0.442667 0.031496 0.038878
0 0.824803 0.583661 0.053806 0.031004
0 0.709154 0.600886 0.031824 0.031496
0 0.697014 0.639518 0.050197 0.024606
0 0.751476 0.723425 0.046260 0.035925
0 0.569062 0.703617 0.047572 0.029774
0 0.510827 0.725394 0.047900 0.025591
0 0.475066 0.766240 0.046588 0.040354
1 0.552986 0.344980 0.013451 0.012795
1 0.575623 0.351747 0.011483 0.009596
1 0.570702 0.338460 0.008202 0.012057
1 0.558727 0.368725 0.014436 0.012549
1 0.617290 0.362697 0.009514 0.012303
1 0.562336 0.383489 0.011155 0.010089
1 0.549377 0.382628 0.010171 0.007382
1 0.556923 0.426673 0.016732 0.009350
1 0.597933 0.434055 0.014764 0.011811
1 0.641896 0.394808 0.014108 0.007628
1 0.657480 0.371801 0.015092 0.011811
1 0.622047 0.379429 0.011155 0.012303
1 0.561024 0.448696 0.009843 0.010089
1 0.580052 0.457677 0.009843 0.013780
1 0.581037 0.473056 0.011811 0.010089
1 0.544455 0.454847 0.014108 0.008120
1 0.522638 0.425689 0.011811 0.013287
1 0.538386 0.421014 0.009843 0.009843
1 0.485728 0.381644 0.011483 0.012303
1 0.468176 0.367003 0.009843 0.012057
1 0.563484 0.402559 0.012795 0.006398
1 0.553150 0.414124 0.011155 0.010827
1 0.547408 0.494464 0.018045 0.010089
1 0.577264 0.499877 0.015420 0.008612
1 0.597605 0.498770 0.015420 0.009350
1 0.636811 0.502092 0.011811 0.012549
1 0.621227 0.476993 0.016732 0.011565
1 0.644849 0.479823 0.016732 0.007874
1 0.654528 0.470719 0.017717 0.008858
1 0.459974 0.494218 0.017717 0.016486
1 0.520177 0.502953 0.011483 0.011319
1 0.449311 0.533342 0.015420 0.014026
1 0.462927 0.548228 0.013123 0.011811
1 0.509022 0.550074 0.016732 0.011565
1 0.517717 0.530143 0.015748 0.009104
1 0.449475 0.577633 0.013123 0.015994
1 0.480479 0.571481 0.012139 0.015502
1 0.558399 0.594119 0.020341 0.010581
1 0.563320 0.609621 0.016404 0.013041
1 0.607283 0.587352 0.017717 0.008858
1 0.600886 0.602485 0.016076 0.010581
1 0.649770 0.605192 0.012795 0.014518
1 0.632710 0.615404 0.017388 0.006890
1 0.634022 0.602731 0.008858 0.013041
1 0.614173 0.634473 0.011155 0.013041
1 0.596949 0.631398 0.014764 0.011811
1 0.613025 0.619956 0.011483 0.010089
1 0.521325 0.657111 0.014436 0.015010
1 0.559547 0.670276 0.010171 0.013287
1 0.646818 0.666462 0.012795 0.016486
1 0.659777 0.668799 0.008530 0.012303
1 0.688648 0.671875 0.020997 0.010581
1 0.494423 0.688115 0.018373 0.011565
1 0.517224 0.687623 0.016076 0.008120
1 0.468340 0.694636 0.013451 0.014764
1 0.620407 0.694513 0.015092 0.008612
1 0.671588 0.680979 0.009186 0.012549
1 0.611549 0.649114 0.008530 0.011319
1 0.571194 0.762303 0.017717 0.009350
1 0.622211 0.760089 0.008202 0.016732
1 0.630085 0.772515 0.014764 0.006644
1 0.596785 0.781865 0.011811 0.007628
1 0.644849 0.838091 0.012139 0.013780
1 0.510827 0.796260 0.012467 0.008858
1 0.496883 0.796875 0.011483 0.010581
1 0.477690 0.793307 0.011811 0.013287
1 0.460302 0.804257 0.008530 0.013533
1 0.451608 0.826526 0.010171 0.016732
1 0.426181 0.774606 0.015092 0.007382
1 0.445702 0.779528 0.009514 0.011319
1 0.538058 0.772023 0.015092 0.007136
1 0.555118 0.781742 0.017060 0.008366
1 0.565453 0.795645 0.015420 0.012057
1 0.571686 0.807579 0.021982 0.009350
1 0.524278 0.820743 0.017060 0.009104
1 0.690781 0.734252 0.014764 0.012303
1 0.689140 0.751353 0.021325 0.008120
1 0.693898 0.759596 0.017060 0.005906
1 0.773950 0.757013 0.011811 0.014518
1 0.808235 0.779281 0.019357 0.010827
1 0.825951 0.763410 0.014108 0.011073
1 0.866798 0.765010 0.019029 0.012795
1 0.838091 0.781373 0.012139 0.010089
1 0.849738 0.779528 0.007874 0.009350
1 0.867126 0.801427 0.011155 0.006890
1 0.843340 0.805979 0.015420 0.016978
1 0.873688 0.820251 0.023622 0.009104
1 0.876969 0.784449 0.010499 0.010335
1 0.826936 0.710384 0.016732 0.010335
1 0.817585 0.746063 0.014436 0.006398
1 0.814961 0.738435 0.019029 0.006398
1 0.738517 0.780266 0.011155 0.016240
1 0.735236 0.802904 0.019029 0.016240
1 0.734744 0.829232 0.016076 0.010335
1 0.523458 0.751722 0.010171 0.014764
1 0.314797 0.710138 0.016076 0.014764
1 0.209810 0.782726 0.018045 0.024606
1 0.208333 0.695251 0.020341 0.009596
1 0.166831 0.650960 0.014764 0.007136
1 0.259678 0.635704 0.021325 0.009596
