0 0.346334 0.376148 0.031250 0.039042
0 0.404405 0.392552 0.032234 0.034449
0 0.469980 0.437500 0.033957 0.043635
0 0.537525 0.462270 0.031250 0.028215
0 0.576895 0.444718 0.034695 0.032480
0 0.611713 0.397802 0.031988 0.035105
0 0.641486 0.400755 0.020177 0.033793
0 0.670153 0.422080 0.022392 0.030512
0 0.681841 0.450131 0.029035 0.023622
0 0.707431 0.416831 0.022146 0.038386
0 0.729946 0.450131 0.020915 0.033465
0 0.743971 0.377789 0.026329 0.035105
0 0.827264 0.640092 0.031496 0.041339
0 0.863927 0.759843 0.039862 0.049869
0 0.716166 0.647966 0.033711 0.038058
0 0.659449 0.712598 0.032972 0.041995
0 0.599409 0.625164 0.030512 0.042323
0 0.513164 0.649114 0.031742 0.051509
0 0.635335 0.758694 0.033957 0.042979
0 0.599779 0.769357 0.031742 0.038058
0 0.448204 0.712270 0.031250 0.059711
0 0.370817 0.635007 0.036417 0.028543
0 0.355069 0.671424 0.028051 0.038386
0 0.326403 0.731299 0.038632 0.048556
0 0.236836 0.758038 0.037156 0.050197
0 0.189838 0.780020 0.039616 0.038386
0 0.279774 0.722933 0.019685 0.044291
1 0.171629 0.631562 0.012549 0.014436
1 0.194390 0.627297 0.014764 0.009186
1 0.221211 0.624016 0.010827 0.009843
1 0.238804 0.636811 0.005167 0.007874
1 0.319021 0.635499 0.011073 0.013123
1 0.345472 0.642224 0.007874 0.015420
1 0.417446 0.669619 0.006644 0.014436
0 0.429011 0.624344 0.029281 0.031496
1 0.512795 0.738025 0.009350 0.014764
1 0.539493 0.720472 0.010089 0.016404
1 0.547982 0.744423 0.007382 0.014436
1 0.527928 0.747867 0.009104 0.008858
1 0.490896 0.727854 0.008366 0.010827
1 0.668184 0.616142 0.012057 0.013780
1 0.683440 0.625000 0.015010 0.009843
1 0.664124 0.651083 0.018209 0.016732
1 0.756398 0.655512 0.010335 0.009843
1 0.741388 0.657316 0.007874 0.015420
1 0.771654 0.680938 0.016240 0.010827
1 0.645423 0.456693 0.010827 0.011811
1 0.566314 0.375328 0.012057 0.013780
1 0.566560 0.350230 0.009596 0.016076
1 0.589567 0.363353 0.012795 0.010827
1 0.651944 0.373688 0.011073 0.010499
1 0.705340 0.371555 0.010581 0.010827
1 0.657849 0.338583 0.009104 0.011155
1 0.723671 0.395341 0.005413 0.012467
1 0.764887 0.365650 0.009104 0.014764
1 0.522023 0.422736 0.009596 0.012795
1 0.501353 0.405840 0.007628 0.014436
1 0.503568 0.373524 0.009596 0.009514
1 0.508366 0.383366 0.008366 0.006890
1 0.480930 0.370243 0.008612 0.012795
1 0.470349 0.370079 0.005167 0.010499
1 0.432948 0.347277 0.008120 0.013451
1 0.389149 0.429954 0.005659 0.012139
1 0.386565 0.461450 0.009843 0.010827
1 0.357160 0.418799 0.011073 0.006890
1 0.355192 0.407808 0.007628 0.009843
1 0.328248 0.410105 0.012795 0.012467
1 0.339813 0.402395 0.006890 0.009514
1 0.432702 0.396982 0.007136 0.015748
