1 0.202392578125 0.3850911458333333 0.02484130859375 0.035746256510416664
1 0.1614990234375 0.5944010416666666 0.0236053466796875 0.022725423177083332
1 0.26416015625 0.5550130208333334 0.0196075439453125 0.02685546875
1 0.419921875 0.5472005208333334 0.019500732421875 0.017425537109375
1 0.326171875 0.703125 0.01934814453125 0.0272216796875
1 0.313720703125 0.3876953125 0.0215301513671875 0.0352783203125
1 0.397705078125 0.66796875 0.00919342041015625 0.013142903645833334
1 0.34423828125 0.62109375 0.0121917724609375 0.018534342447916668
1 0.2437744140625 0.6438802083333334 0.0083770751953125 0.009241739908854166
1 0.216796875 0.5914713541666666 0.00933837890625 0.0075836181640625
1 0.489501953125 0.3136393229166667 0.0215301513671875 0.014597574869791666
1 0.6015625 0.3307291666666667 0.0171051025390625 0.029215494791666668
1 0.48388671875 0.5602213541666666 0.00800323486328125 0.009531656901041666
