1 0.69921875 0.892578125 0.0271148681640625 0.023701985677083332
1 0.6806640625 0.7734375 0.0192413330078125 0.037353515625
1 0.74560546875 0.8717447916666666 0.023193359375 0.024312337239583332
1 0.7158203125 0.759765625 0.033599853515625 0.027852376302083332
1 0.4599609375 0.7845052083333334 0.030853271484375 0.027058919270833332
1 0.576171875 0.9173177083333334 0.0266571044921875 0.042887369791666664
1 0.371826171875 0.8600260416666666 0.029541015625 0.036356608072916664
1 0.391845703125 0.8014322916666666 0.02532958984375 0.031229654947916668
1 0.623046875 0.6510416666666666 0.02606201171875 0.038350423177083336
1 0.568359375 0.7727864583333334 0.026611328125 0.0411376953125
1 0.5654296875 0.6529947916666666 0.0223236083984375 0.032999674479166664
1 0.65087890625 0.6725260416666666 0.021575927734375 0.019785563151041668
1 0.53173828125 0.7473958333333334 0.0223236083984375 0.02569580078125
1 0.2281494140625 0.9381510416666666 0.035675048828125 0.026590983072916668
1 0.6943359375 0.6686197916666666 0.0296478271484375 0.032185872395833336
1 0.68212890625 0.6920572916666666 0.0227203369140625 0.0364990234375
1 0.4013671875 0.8860677083333334 0.0247955322265625 0.036234537760416664
1 0.61474609375 0.69921875 0.0255584716796875 0.025166829427083332
1 0.75390625 0.669921875 0.021697998046875 0.02435302734375
1 0.273681640625 0.802734375 0.020965576171875 0.040364583333333336
1 0.431396484375 0.6744791666666666 0.0187225341796875 0.024678548177083332
1 0.346923828125 0.689453125 0.02484130859375 0.0272216796875
1 0.40771484375 0.740234375 0.0240478515625 0.0296630859375
1 0.52099609375 0.7115885416666666 0.0222930908203125 0.022379557291666668
1 0.4580078125 0.697265625 0.018768310546875 0.031107584635416668
1 0.56298828125 0.8125 0.024993896484375 0.028605143229166668
1 0.77685546875 0.7024739583333334 0.0215301513671875 0.032002766927083336
1 0.409912109375 0.6598307291666666 0.0191650390625 0.02154541015625
1 0.277587890625 0.69140625 0.03289794921875 0.043538411458333336
1 0.321533203125 0.6640625 0.0200958251953125 0.026652018229166668
1 0.6767578125 0.7122395833333334 0.01953125 0.02886962890625
1 0.4501953125 0.8990885416666666 0.0213623046875 0.0245361328125
1 0.56689453125 0.9505208333333334 0.0205230712890625 0.03363037109375
1 0.2568359375 0.791015625 0.0199127197265625 0.022298177083333332
1 0.6181640625 0.7213541666666666 0.0263519287109375 0.023518880208333332
1 0.37353515625 0.689453125 0.0167236328125 0.02325439453125
1 0.263427734375 0.72265625 0.020721435546875 0.027323404947916668
1 0.38671875 0.69921875 0.0186920166015625 0.022725423177083332
1 0.72998046875 0.7076822916666666 0.02947998046875 0.036641438802083336
1 0.70947265625 0.7063802083333334 0.0278472900390625 0.030293782552083332
1 0.381591796875 0.7174479166666666 0.01384735107421875 0.025105794270833332
1 0.50439453125 0.6686197916666666 0.021331787109375 0.0211181640625
1 0.30810546875 0.6979166666666666 0.021820068359375 0.02886962890625
1 0.4970703125 0.685546875 0.02386474609375 0.035807291666666664
1 0.626953125 0.7376302083333334 0.0200958251953125 0.032185872395833336
1 0.298095703125 0.71875 0.0225067138671875 0.02789306640625
1 0.31982421875 0.7063802083333334 0.0230712890625 0.0274658203125
1 0.4736328125 0.734375 0.0167236328125 0.024393717447916668
