0 0.164042 0.091905 0.027559 0.016486
0 0.386155 0.188238 0.036089 0.039862
0 0.352362 0.239173 0.043963 0.033465
0 0.328412 0.276083 0.042651 0.025591
0 0.319390 0.255906 0.033793 0.019193
0 0.452264 0.206570 0.044948 0.023376
0 0.463747 0.278543 0.026575 0.031496
0 0.318570 0.315699 0.024278 0.028051
0 0.345308 0.325664 0.024606 0.023868
0 0.370079 0.315330 0.020341 0.034695
0 0.309055 0.340059 0.032808 0.019193
0 0.353839 0.346949 0.041667 0.020669
0 0.360072 0.367003 0.039698 0.019439
0 0.318898 0.372293 0.034777 0.027067
0 0.424869 0.333907 0.040026 0.027559
0 0.450131 0.392470 0.039370 0.027067
0 0.390912 0.405020 0.045604 0.035433
0 0.336450 0.477116 0.037730 0.017224
0 0.295276 0.472318 0.030184 0.029281
0 0.301673 0.508366 0.047572 0.035433
0 0.335958 0.543553 0.036745 0.035925
0 0.365814 0.629060 0.043307 0.015010
0 0.389108 0.645300 0.051181 0.022392
0 0.336450 0.667446 0.037730 0.039124
0 0.302986 0.671383 0.026575 0.042077
0 0.326444 0.702018 0.032152 0.026575
0 0.423392 0.693406 0.044948 0.030020
0 0.371719 0.733883 0.049213 0.039616
0 0.745079 0.789493 0.066929 0.047982
0 0.707677 0.724902 0.050525 0.030020
0 0.623852 0.715674 0.055446 0.034695
0 0.670604 0.678027 0.057743 0.037156
0 0.604495 0.642840 0.050197 0.034203
0 0.694390 0.638287 0.049541 0.039862
0 0.711122 0.583169 0.039042 0.035925
0 0.674213 0.553396 0.048556 0.028051
0 0.618110 0.526329 0.053806 0.031988
0 0.824639 0.450049 0.048885 0.043799
0 0.718340 0.394070 0.060039 0.044537
0 0.627461 0.378076 0.057415 0.040108
0 0.650098 0.258735 0.045604 0.030758
0 0.702756 0.176550 0.047900 0.034203
0 0.826444 0.156865 0.047900 0.037156
0 0.648950 0.202264 0.056430 0.036417
0 0.625164 0.177781 0.038386 0.015010
1 0.454888 0.309670 0.014108 0.014026
1 0.427657 0.360851 0.010827 0.012057
1 0.359744 0.429749 0.009514 0.011565
1 0.345308 0.502707 0.012795 0.009843
1 0.314469 0.480807 0.008202 0.005906
1 0.321522 0.489665 0.010499 0.005413
1 0.408301 0.581201 0.011483 0.011811
1 0.276903 0.588952 0.015748 0.011073
1 0.362533 0.679626 0.009843 0.012795
1 0.359908 0.696604 0.015748 0.011811
1 0.360564 0.708169 0.011155 0.010335
1 0.282316 0.713337 0.006234 0.009843
1 0.611056 0.546752 0.013451 0.012303
1 0.653543 0.419168 0.018373 0.008120
1 0.794291 0.412771 0.008530 0.013533
1 0.673885 0.480930 0.013123 0.013533
1 0.682743 0.613066 0.017060 0.009596
1 0.656004 0.639395 0.018701 0.012549
1 0.623852 0.665723 0.015420 0.011073
1 0.623524 0.680979 0.012795 0.012057
1 0.634514 0.765133 0.015092 0.014026
1 0.824803 0.108391 0.014436 0.015010
