1 0.64892578125 0.73828125 0.04620361328125 0.038859049479166664
1 0.68994140625 0.5784505208333334 0.030792236328125 0.03594970703125
1 0.51806640625 0.7024739583333334 0.0333251953125 0.051595052083333336
1 0.771484375 0.6005859375 0.038330078125 0.050821940104166664
1 0.70556640625 0.5133463541666666 0.03533935546875 0.0408935546875
1 0.896484375 0.5856119791666666 0.04486083984375 0.039164225260416664
1 0.611328125 0.529296875 0.043365478515625 0.03338623046875
1 0.2374267578125 0.6487630208333334 0.0208892822265625 0.031697591145833336
1 0.572265625 0.4772135416666667 0.03594970703125 0.027791341145833332
1 0.39990234375 0.6829427083333334 0.038116455078125 0.032185872395833336
1 0.6630859375 0.80078125 0.04168701171875 0.063720703125
1 0.53271484375 0.4788411458333333 0.0328369140625 0.034159342447916664
1 0.296142578125 0.6500651041666666 0.0411376953125 0.054361979166666664
1 0.47265625 0.6178385416666666 0.035888671875 0.0517578125
1 0.447998046875 0.5413411458333334 0.0253753662109375 0.03778076171875
1 0.288330078125 0.7115885416666666 0.043609619140625 0.062174479166666664
1 0.84130859375 0.8151041666666666 0.051177978515625 0.0560302734375
1 0.82861328125 0.4495442708333333 0.0261993408203125 0.036295572916666664
1 0.52490234375 0.5543619791666666 0.045013427734375 0.048828125
1 0.8759765625 0.7239583333333334 0.0276336669921875 0.036295572916666664
1 0.3525390625 0.6123046875 0.0142822265625 0.034749348958333336
1 0.353515625 0.7825520833333334 0.035003662109375 0.040669759114583336
