1 0.1436767578125 0.2937825520833333 0.0262603759765625 0.038065592447916664
1 0.09930419921875 0.5068359375 0.023773193359375 0.022908528645833332
1 0.36083984375 0.4697265625 0.01837158203125 0.014821370442708334
1 0.42578125 0.4827473958333333 0.00905609130859375 0.01116943359375
1 0.25634765625 0.2980143229166667 0.021087646484375 0.036356608072916664
1 0.5556640625 0.24772135416666666 0.0162811279296875 0.0289306640625
1 0.44091796875 0.22705078125 0.0210418701171875 0.013559977213541666
1 0.260498046875 0.623046875 0.02001953125 0.0272216796875
1 0.20263671875 0.4716796875 0.019683837890625 0.025594075520833332
1 0.155029296875 0.505859375 0.0097808837890625 0.008351643880208334
1 0.281982421875 0.5390625 0.012481689453125 0.020802815755208332
