1 0.689453125 0.8522135416666666 0.0261077880859375 0.0234375
1 0.73681640625 0.8313802083333334 0.0217742919921875 0.0247802734375
1 0.56787109375 0.87890625 0.0262603759765625 0.041829427083333336
1 0.3623046875 0.82421875 0.029083251953125 0.03741455078125
1 0.4501953125 0.7486979166666666 0.0301513671875 0.026448567708333332
1 0.381591796875 0.7662760416666666 0.0234222412109375 0.026692708333333332
1 0.44140625 0.861328125 0.02191162109375 0.02471923828125
1 0.61279296875 0.615234375 0.024993896484375 0.03778076171875
1 0.67041015625 0.7311197916666666 0.0184783935546875 0.031412760416666664
1 0.253662109375 0.7682291666666666 0.0343017578125 0.042236328125
1 0.55810546875 0.734375 0.025909423828125 0.040445963541666664
1 0.70751953125 0.720703125 0.0312042236328125 0.025248209635416668
1 0.72802734375 0.6292317708333334 0.0202178955078125 0.026896158854166668
1 0.2181396484375 0.9049479166666666 0.035064697265625 0.027058919270833332
1 0.55419921875 0.6184895833333334 0.020721435546875 0.030110677083333332
1 0.60400390625 0.6630859375 0.02532958984375 0.02520751953125
1 0.64013671875 0.6354166666666666 0.02215576171875 0.017832438151041668
1 0.6845703125 0.6311848958333334 0.028656005859375 0.030049641927083332
1 0.521484375 0.7115885416666666 0.0217742919921875 0.024454752604166668
1 0.5546875 0.7740885416666666 0.02508544921875 0.026896158854166668
1 0.44677734375 0.6647135416666666 0.0196075439453125 0.027425130208333332
1 0.392333984375 0.84765625 0.0231475830078125 0.039896647135416664
1 0.76611328125 0.6539713541666666 0.0182647705078125 0.023173014322916668
1 0.39697265625 0.7076822916666666 0.02276611328125 0.0289306640625
1 0.3115234375 0.6344401041666666 0.01490020751953125 0.025349934895833332
1 0.3984375 0.6279296875 0.019989013671875 0.021870930989583332
1 0.419677734375 0.6438802083333334 0.018768310546875 0.028055826822916668
1 0.333984375 0.658203125 0.0224151611328125 0.02593994140625
1 0.55859375 0.916015625 0.0197601318359375 0.028605143229166668
1 0.6669921875 0.6751302083333334 0.0191192626953125 0.027425130208333332
1 0.609375 0.685546875 0.0240020751953125 0.021280924479166668
1 0.5126953125 0.6744791666666666 0.023284912109375 0.0262451171875
1 0.26904296875 0.6555989583333334 0.0258026123046875 0.02838134765625
1 0.7158203125 0.6686197916666666 0.042236328125 0.033121744791666664
1 0.67041015625 0.65234375 0.017242431640625 0.027262369791666668
1 0.487548828125 0.646484375 0.0305633544921875 0.043375651041666664
1 0.227783203125 0.6744791666666666 0.0125732421875 0.0213623046875
1 0.68798828125 0.9537760416666666 0.0269622802734375 0.0335693359375
1 0.6181640625 0.7005208333333334 0.0165863037109375 0.02960205078125
1 0.362060546875 0.6572265625 0.0165252685546875 0.022989908854166668
1 0.250732421875 0.6953125 0.021453857421875 0.02325439453125
1 0.370361328125 0.6861979166666666 0.01433563232421875 0.02593994140625
1 0.693359375 0.6575520833333334 0.0214080810546875 0.030049641927083332
1 0.373291015625 0.66796875 0.0179901123046875 0.023701985677083332
1 0.287109375 0.6861979166666666 0.0235595703125 0.031168619791666668
1 0.257080078125 0.6705729166666666 0.0236968994140625 0.033894856770833336
1 0.463134765625 0.6998697916666666 0.0177154541015625 0.023173014322916668
1 0.466064453125 0.9713541666666666 0.02069091796875 0.0303955078125
1 0.2958984375 0.6686197916666666 0.0209197998046875 0.03057861328125
1 0.310791015625 0.6751302083333334 0.0236053466796875 0.0264892578125
1 0.51513671875 0.9583333333333334 0.021484375 0.022989908854166668
1 0.6533203125 0.9453125 0.035675048828125 0.03045654296875
1 0.324462890625 0.9772135416666666 0.0200653076171875 0.02886962890625
1 0.7490234375 0.9329427083333334 0.0191650390625 0.023518880208333332
