1 0.7802734375 0.78515625 0.0264129638671875 0.027323404947916668
1 0.763671875 0.6624348958333334 0.0201416015625 0.034281412760416664
1 0.458251953125 0.7513020833333334 0.0265045166015625 0.035807291666666664
1 0.487548828125 0.7721354166666666 0.0238189697265625 0.0284423828125
1 0.5400390625 0.6764322916666666 0.0290374755859375 0.028218587239583332
1 0.82763671875 0.7643229166666666 0.0235595703125 0.022562662760416668
1 0.64794921875 0.6643880208333334 0.0261077880859375 0.03900146484375
1 0.65966796875 0.80859375 0.0248870849609375 0.044026692708333336
1 0.69970703125 0.5335286458333334 0.0250396728515625 0.0382080078125
1 0.44287109375 0.935546875 0.024993896484375 0.030171712239583332
1 0.6396484375 0.5341796875 0.023193359375 0.031473795572916664
1 0.322265625 0.828125 0.033966064453125 0.027262369791666668
1 0.47705078125 0.6920572916666666 0.02203369140625 0.024169921875
1 0.79931640625 0.6494140625 0.035675048828125 0.0303955078125
1 0.352294921875 0.6920572916666666 0.04010009765625 0.039754231770833336
1 0.52880859375 0.783203125 0.0210113525390625 0.031229654947916668
1 0.73046875 0.55859375 0.024139404296875 0.031473795572916664
1 0.693359375 0.5826822916666666 0.0279083251953125 0.027262369791666668
1 0.41845703125 0.8854166666666666 0.0241851806640625 0.02899169921875
1 0.486328125 0.6272786458333334 0.0246124267578125 0.03076171875
1 0.458740234375 0.8951822916666666 0.018096923828125 0.017832438151041668
1 0.421630859375 0.5706380208333334 0.0228424072265625 0.028157552083333332
1 0.396728515625 0.5481770833333334 0.0194549560546875 0.02679443359375
1 0.60986328125 0.6376953125 0.02276611328125 0.0224609375
1 0.6455078125 0.705078125 0.02276611328125 0.028544108072916668
1 0.50439453125 0.5579427083333334 0.0191192626953125 0.026997884114583332
1 0.533203125 0.5768229166666666 0.0164031982421875 0.032633463541666664
1 0.482666015625 0.5465494791666666 0.019012451171875 0.027119954427083332
1 0.339599609375 0.8932291666666666 0.036224365234375 0.02362060546875
1 0.60400390625 0.8697916666666666 0.02423095703125 0.024678548177083332
1 0.77783203125 0.548828125 0.03192138671875 0.034871419270833336
1 0.8037109375 0.5364583333333334 0.0185089111328125 0.03961181640625
1 0.34228515625 0.6106770833333334 0.0211639404296875 0.02569580078125
1 0.55224609375 0.6243489583333334 0.024383544921875 0.033182779947916664
1 0.35205078125 0.5748697916666666 0.03436279296875 0.045817057291666664
1 0.447265625 0.572265625 0.015777587890625 0.023356119791666668
1 0.5546875 0.8834635416666666 0.0177154541015625 0.02325439453125
1 0.646484375 0.830078125 0.0210113525390625 0.027689615885416668
1 0.75732421875 0.5966796875 0.019012451171875 0.02679443359375
1 0.5791015625 0.5517578125 0.022674560546875 0.024129231770833332
1 0.59814453125 0.5944010416666666 0.0239105224609375 0.018747965494791668
1 0.46142578125 0.5826822916666666 0.018585205078125 0.0234375
1 0.69775390625 0.6061197916666666 0.0284423828125 0.025492350260416668
1 0.708984375 0.6246744791666666 0.015960693359375 0.032124837239583336
1 0.458251953125 0.6028645833333334 0.0161590576171875 0.028483072916666668
1 0.375 0.6028645833333334 0.021697998046875 0.02947998046875
1 0.3857421875 0.580078125 0.0207977294921875 0.02838134765625
1 0.76171875 0.5712890625 0.017913818359375 0.0303955078125
1 0.76904296875 0.8671875 0.025177001953125 0.0303955078125
1 0.7373046875 0.8619791666666666 0.033721923828125 0.02398681640625
1 0.7958984375 0.5895182291666666 0.0272216796875 0.02960205078125
1 0.568359375 0.5657552083333334 0.0194549560546875 0.027628580729166668
1 0.64892578125 0.5693359375 0.0180511474609375 0.020487467447916668
1 0.3974609375 0.5908203125 0.0216217041015625 0.026041666666666668
1 0.8154296875 0.59765625 0.022674560546875 0.031290690104166664
1 0.8046875 0.5810546875 0.0283355712890625 0.020955403645833332
1 0.576171875 0.5729166666666666 0.015899658203125 0.02886962890625
1 0.8310546875 0.8515625 0.0174407958984375 0.017161051432291668
1 0.7841796875 0.5677083333333334 0.01507568359375 0.02593994140625
1 0.6328125 0.9934895833333334 0.01467132568359375 0.012603759765625
