0 0.331693 0.403051 0.031988 0.038386
0 0.390010 0.420932 0.031004 0.036745
0 0.387426 0.518045 0.016978 0.034777
0 0.453863 0.464895 0.031742 0.041995
0 0.520669 0.490978 0.027067 0.029199
0 0.558809 0.465551 0.032972 0.036745
0 0.591412 0.417159 0.031250 0.033136
0 0.619464 0.415846 0.022392 0.033136
0 0.649483 0.441601 0.023868 0.030184
0 0.656988 0.469324 0.023622 0.021325
0 0.683071 0.434219 0.023130 0.043635
0 0.705832 0.464075 0.019931 0.037730
0 0.717889 0.388780 0.029774 0.034777
0 0.795153 0.660925 0.035187 0.041010
0 0.690822 0.673556 0.033219 0.041995
0 0.637795 0.744915 0.034941 0.043635
0 0.613681 0.803314 0.034449 0.051509
0 0.580709 0.820702 0.031004 0.050197
0 0.482037 0.845472 0.030512 0.053150
0 0.440084 0.756398 0.029281 0.061352
0 0.500369 0.685696 0.030758 0.051837
0 0.820743 0.795276 0.046998 0.054462
0 0.324926 0.781004 0.040108 0.048228
0 0.351870 0.711450 0.026575 0.041010
0 0.317544 0.702264 0.038140 0.030512
0 0.313115 0.737369 0.024360 0.037730
0 0.249754 0.704232 0.030020 0.050853
0 0.284572 0.774114 0.018455 0.042323
0 0.260089 0.769357 0.027067 0.047900
0 0.247416 0.813320 0.030758 0.053806
0 0.205340 0.843340 0.034695 0.036417
1 0.759966 0.490650 0.006644 0.012795
1 0.772146 0.509678 0.007874 0.013451
1 0.740773 0.372867 0.009104 0.014108
1 0.700541 0.406332 0.005906 0.011483
1 0.683194 0.380906 0.009104 0.013123
1 0.630782 0.385335 0.009104 0.010827
1 0.589075 0.374344 0.009843 0.009186
1 0.570620 0.378773 0.011319 0.012795
1 0.546998 0.391240 0.011811 0.016076
1 0.547859 0.367126 0.010089 0.013780
1 0.505536 0.445866 0.011565 0.017060
1 0.486590 0.391240 0.010581 0.013451
1 0.464321 0.388780 0.007382 0.013123
1 0.486097 0.427329 0.008120 0.012795
1 0.454355 0.389764 0.006152 0.010499
1 0.415969 0.366962 0.008612 0.014108
1 0.424213 0.365978 0.007382 0.010171
1 0.416831 0.419783 0.007874 0.012795
1 0.373893 0.491634 0.011565 0.012795
1 0.418061 0.488845 0.005413 0.014436
1 0.422982 0.489829 0.004429 0.010499
1 0.376353 0.458990 0.006152 0.010499
1 0.343750 0.447671 0.011319 0.011483
1 0.342889 0.438156 0.006644 0.013451
1 0.324680 0.431102 0.010581 0.007218
1 0.316314 0.439961 0.011565 0.011155
1 0.260089 0.522966 0.006398 0.015748
1 0.247908 0.531004 0.012549 0.011483
1 0.197958 0.810531 0.011565 0.009514
1 0.211614 0.810039 0.009350 0.016404
1 0.411171 0.707841 0.006398 0.018701
1 0.386073 0.686352 0.008858 0.015748
1 0.342766 0.682087 0.009350 0.017717
1 0.317052 0.677493 0.012057 0.009186
1 0.287648 0.690289 0.014272 0.013780
1 0.402559 0.777887 0.008366 0.015748
1 0.525468 0.756890 0.010089 0.015748
1 0.468381 0.764600 0.010089 0.015420
1 0.534080 0.781496 0.010089 0.020341
1 0.513287 0.787730 0.011811 0.011811
1 0.598056 0.662894 0.008120 0.013451
1 0.653420 0.693570 0.005167 0.011811
1 0.640994 0.677493 0.017224 0.018373
1 0.714075 0.680118 0.009843 0.016404
1 0.727239 0.677493 0.010581 0.011811
1 0.739173 0.703740 0.015748 0.011155
1 0.714321 0.764600 0.008366 0.009514
1 0.766609 0.842520 0.012057 0.014436
1 0.725148 0.899278 0.018701 0.015092
1 0.500000 0.777723 0.011319 0.017388
