1 0.375244140625 0.7975260416666666 0.0203399658203125 0.029154459635416668
1 0.330078125 0.8118489583333334 0.0204925537109375 0.0272216796875
1 0.47802734375 0.798828125 0.0189056396484375 0.0364990234375
1 0.30908203125 0.8177083333333334 0.0235595703125 0.02362060546875
1 0.4580078125 0.681640625 0.0262603759765625 0.021870930989583332
1 0.343505859375 0.5885416666666666 0.021209716796875 0.021708170572916668
1 0.4921875 0.68359375 0.0160980224609375 0.018046061197916668
1 0.42919921875 0.8430989583333334 0.0255584716796875 0.025594075520833332
1 0.379638671875 0.8352864583333334 0.020721435546875 0.035603841145833336
1 0.392578125 0.546875 0.0125274658203125 0.012308756510416666
1 0.461669921875 0.5934244791666666 0.0189056396484375 0.029541015625
1 0.62646484375 0.6302083333333334 0.020965576171875 0.029093424479166668
1 0.58984375 0.5764973958333334 0.0255126953125 0.025166829427083332
1 0.358154296875 0.8444010416666666 0.02276611328125 0.041361490885416664
1 0.6396484375 0.5830078125 0.0201416015625 0.020334879557291668
1 0.43115234375 0.5660807291666666 0.0141754150390625 0.011088053385416666
1 0.61328125 0.6868489583333334 0.01953125 0.017161051432291668
1 0.65185546875 0.658203125 0.018829345703125 0.032450358072916664
1 0.61962890625 0.6598307291666666 0.0184326171875 0.031229654947916668
1 0.5 0.6012369791666666 0.0258026123046875 0.038777669270833336
1 0.560546875 0.5983072916666666 0.0190887451171875 0.0272216796875
