0 0.306594 0.134678 0.049705 0.074475
0 0.182210 0.438976 0.055364 0.047900
0 0.201156 0.485564 0.058317 0.045276
0 0.412894 0.450787 0.057579 0.071522
0 0.523991 0.467192 0.036171 0.070210
0 0.418676 0.573491 0.051427 0.049869
0 0.323573 0.575951 0.066929 0.034449
0 0.289985 0.633858 0.049459 0.060367
0 0.231053 0.609252 0.056594 0.051181
0 0.246678 0.538386 0.066683 0.063648
0 0.056594 0.736877 0.057579 0.087270
0 0.109252 0.690125 0.044783 0.086286
0 0.152436 0.695374 0.039124 0.079068
0 0.210015 0.719980 0.069144 0.065945
0 0.553765 0.612861 0.051919 0.099081
0 0.636811 0.498360 0.052657 0.049213
0 0.747047 0.452428 0.065453 0.082021
0 0.841905 0.452592 0.059301 0.067913
0 0.943036 0.569226 0.063238 0.076115
0 0.905758 0.630085 0.051673 0.062008
0 0.701403 0.588419 0.050935 0.067913
0 0.813238 0.706857 0.054134 0.083005
1 0.953125 0.642552 0.014518 0.031168
1 0.896777 0.574475 0.020423 0.016404
1 0.822835 0.582021 0.020177 0.029528
1 0.782111 0.547736 0.015502 0.032480
1 0.937008 0.416831 0.021161 0.018701
1 0.885950 0.398950 0.015010 0.022966
1 0.802165 0.430610 0.015748 0.022638
1 0.798967 0.458661 0.016732 0.024278
1 0.759719 0.379593 0.021407 0.017060
1 0.705094 0.431430 0.014518 0.020997
1 0.622416 0.635007 0.014026 0.013451
1 0.645177 0.585466 0.013287 0.014108
1 0.552534 0.528051 0.011565 0.024606
1 0.561024 0.498196 0.016240 0.020013
1 0.500000 0.469652 0.012795 0.018701
1 0.515379 0.579068 0.012549 0.019685
1 0.425074 0.539042 0.015010 0.015748
1 0.374385 0.434875 0.018947 0.023294
1 0.330463 0.440453 0.020669 0.023950
1 0.392717 0.638780 0.012795 0.028215
1 0.241634 0.576772 0.018701 0.015092
1 0.220965 0.419127 0.016240 0.018701
1 0.239911 0.455709 0.016240 0.017060
1 0.097318 0.551509 0.018455 0.020997
1 0.055487 0.552657 0.022884 0.017388
