0 0.087475 0.272474 0.038140 0.038386
0 0.120571 0.599409 0.060531 0.059055
0 0.225394 0.556594 0.035925 0.046260
0 0.369956 0.606627 0.046506 0.055118
0 0.454232 0.562664 0.042815 0.049869
0 0.544537 0.523458 0.030020 0.042979
0 0.470719 0.634350 0.039370 0.054790
0 0.540846 0.637959 0.042815 0.059383
0 0.655512 0.526247 0.031496 0.040026
0 0.663509 0.564961 0.032726 0.032808
0 0.716289 0.533957 0.038386 0.037730
1 0.286417 0.491798 0.016732 0.019029
1 0.322589 0.502789 0.018209 0.021325
1 0.249754 0.565125 0.007382 0.019357
1 0.259966 0.630085 0.019439 0.027887
1 0.109375 0.535269 0.017470 0.009514
1 0.797613 0.652231 0.016978 0.022310
1 0.780758 0.620243 0.011319 0.020669
1 0.703986 0.632054 0.017224 0.020013
1 0.687623 0.643373 0.010089 0.017060
1 0.580094 0.675689 0.009104 0.021982
1 0.595349 0.530020 0.011565 0.020013
1 0.060285 0.477362 0.012303 0.016404
