0 0.422408 0.096826 0.030512 0.034203
0 0.465879 0.103223 0.040026 0.023376
0 0.481791 0.124877 0.038386 0.015994
0 0.529856 0.114296 0.033465 0.032234
0 0.310039 0.156619 0.042651 0.023376
0 0.341207 0.183932 0.029528 0.026329
0 0.245735 0.186639 0.035433 0.029281
0 0.297244 0.214813 0.039370 0.041339
0 0.275755 0.306225 0.035761 0.029281
0 0.427986 0.227239 0.020669 0.030266
0 0.486220 0.173474 0.048556 0.022146
0 0.487697 0.210999 0.041010 0.038140
0 0.471293 0.273130 0.039698 0.023130
0 0.422900 0.297982 0.051837 0.022638
0 0.415682 0.325910 0.049213 0.022392
0 0.308399 0.345349 0.036089 0.039616
0 0.500492 0.350271 0.039042 0.030266
0 0.395341 0.390133 0.047900 0.033219
0 0.278543 0.407234 0.038714 0.033465
0 0.271818 0.441068 0.042323 0.028297
0 0.201280 0.451280 0.047572 0.037894
0 0.196522 0.490650 0.040682 0.028543
0 0.237697 0.490034 0.040354 0.033711
0 0.164206 0.534203 0.052822 0.024606
0 0.084154 0.419906 0.067257 0.051427
0 0.169291 0.623278 0.047244 0.024114
0 0.127625 0.656127 0.056430 0.029281
0 0.258202 0.628076 0.043963 0.026329
0 0.263287 0.557579 0.057415 0.042815
0 0.385499 0.518332 0.040026 0.027805
0 0.371227 0.548597 0.042979 0.028297
0 0.322507 0.561885 0.040026 0.041585
0 0.367290 0.578617 0.044948 0.025837
0 0.360400 0.611220 0.053478 0.027559
0 0.357940 0.639272 0.066273 0.025591
0 0.350558 0.672121 0.041667 0.034203
0 0.323163 0.702264 0.059055 0.024606
0 0.273458 0.723179 0.034449 0.044783
0 0.341371 0.738558 0.060039 0.029774
0 0.277559 0.772023 0.047900 0.045522
0 0.356463 0.781373 0.053478 0.039124
0 0.398622 0.697096 0.051181 0.030020
0 0.465387 0.713706 0.056759 0.042569
0 0.502953 0.670645 0.043963 0.034695
0 0.565781 0.651575 0.050853 0.029035
0 0.563320 0.679872 0.038058 0.024606
0 0.427822 0.649114 0.043963 0.026575
0 0.434875 0.672367 0.048885 0.015010
0 0.459482 0.602608 0.049541 0.028051
0 0.472769 0.565084 0.022310 0.033711
0 0.513944 0.571112 0.048885 0.020177
0 0.503773 0.536171 0.053478 0.021654
0 0.382546 0.472318 0.051181 0.035187
0 0.382382 0.436393 0.052822 0.035187
0 0.456201 0.408219 0.030512 0.029528
0 0.491634 0.404897 0.029856 0.023868
0 0.499508 0.433809 0.038386 0.030020
0 0.489501 0.307948 0.040026 0.037648
0 0.607448 0.288263 0.044948 0.025837
0 0.773950 0.089567 0.040026 0.040354
0 0.624836 0.119710 0.048228 0.025344
0 0.651411 0.149360 0.039698 0.019193
0 0.800197 0.137180 0.038714 0.023868
0 0.589403 0.173844 0.037730 0.028789
0 0.544455 0.210630 0.035761 0.022146
0 0.715551 0.207431 0.028871 0.028543
0 0.755413 0.221826 0.038386 0.022884
0 0.744259 0.175197 0.035105 0.027067
0 0.718668 0.249385 0.031824 0.038140
0 0.790190 0.280881 0.034449 0.019931
0 0.744094 0.312377 0.025591 0.027805
0 0.688156 0.367864 0.030512 0.027067
0 0.616634 0.364665 0.045604 0.017717
0 0.654692 0.391240 0.027231 0.041339
0 0.894357 0.393086 0.039370 0.041585
0 0.790846 0.433686 0.048885 0.025344
0 0.571030 0.485974 0.050197 0.021654
0 0.628117 0.475025 0.042979 0.028789
0 0.677001 0.487328 0.042979 0.030758
0 0.817585 0.486467 0.055118 0.036909
0 0.881070 0.516486 0.044948 0.039862
0 0.818734 0.529035 0.052822 0.035925
0 0.871063 0.612205 0.057087 0.032972
0 0.688812 0.585015 0.049541 0.022884
0 0.749344 0.668676 0.037402 0.031742
0 0.695374 0.546752 0.031824 0.031988
0 0.771325 0.577387 0.051181 0.024852
0 0.801509 0.764026 0.058399 0.025591
1 0.886811 0.764026 0.022310 0.012795
1 0.854331 0.751722 0.015092 0.019193
1 0.879921 0.742495 0.011811 0.010089
1 0.875328 0.707308 0.025591 0.011073
1 0.830545 0.707923 0.016076 0.010827
1 0.815945 0.723794 0.018373 0.012549
1 0.844980 0.726624 0.009514 0.008366
1 0.857119 0.723425 0.008202 0.010827
1 0.863353 0.736959 0.014108 0.007874
1 0.821358 0.689222 0.020013 0.005906
1 0.779364 0.701526 0.016076 0.011319
1 0.741798 0.726870 0.009843 0.013780
1 0.739829 0.751353 0.018373 0.012549
1 0.630085 0.720595 0.013451 0.008612
1 0.621227 0.707308 0.012139 0.014518
1 0.569882 0.757997 0.020997 0.009104
1 0.610564 0.753814 0.015748 0.010089
1 0.646161 0.789247 0.025262 0.015994
1 0.669291 0.769439 0.011811 0.008858
1 0.521818 0.774852 0.017388 0.010335
1 0.435367 0.531004 0.013780 0.015256
1 0.468176 0.525098 0.008530 0.011319
1 0.495079 0.501353 0.008530 0.008612
1 0.449967 0.501845 0.017388 0.012549
1 0.433563 0.488558 0.008202 0.011073
1 0.502789 0.482530 0.011483 0.007382
1 0.443241 0.449188 0.016404 0.015994
1 0.321194 0.503076 0.013780 0.012057
1 0.278379 0.509350 0.014764 0.008858
1 0.301673 0.525344 0.017388 0.009350
1 0.346621 0.496555 0.011483 0.009843
1 0.345144 0.504921 0.016404 0.004429
1 0.365978 0.499016 0.012139 0.009350
1 0.381070 0.495571 0.014108 0.008366
1 0.284285 0.477485 0.027231 0.010581
1 0.302657 0.463829 0.010171 0.007874
1 0.271490 0.460630 0.020013 0.007382
1 0.222113 0.525468 0.015748 0.012057
1 0.203740 0.545768 0.006562 0.014764
1 0.185203 0.513656 0.018045 0.008612
1 0.026575 0.594242 0.019029 0.015256
1 0.245571 0.593750 0.019357 0.008366
1 0.195210 0.654405 0.020997 0.009596
1 0.196030 0.743233 0.015420 0.023868
1 0.131562 0.432825 0.019685 0.012303
1 0.151739 0.479946 0.008202 0.014518
1 0.155676 0.495817 0.011483 0.005906
1 0.157644 0.433686 0.018045 0.010581
1 0.219160 0.422367 0.017717 0.008612
1 0.132054 0.385581 0.014108 0.011811
1 0.245735 0.332308 0.011811 0.011565
1 0.277559 0.335753 0.009186 0.012549
1 0.278215 0.349040 0.011155 0.009104
1 0.520341 0.289370 0.009186 0.009843
1 0.531660 0.301058 0.012795 0.012057
1 0.548885 0.294783 0.009186 0.008366
1 0.555446 0.307087 0.011811 0.009843
1 0.536909 0.323327 0.013451 0.010827
1 0.542979 0.338091 0.011811 0.008858
1 0.528379 0.337106 0.012139 0.007382
1 0.576444 0.324188 0.013123 0.009104
1 0.596293 0.316437 0.010827 0.010827
1 0.575295 0.344857 0.011483 0.012057
1 0.587762 0.344611 0.008202 0.008612
1 0.600394 0.347072 0.006562 0.011565
1 0.602854 0.331816 0.010827 0.009596
1 0.637467 0.323819 0.013780 0.010335
1 0.622703 0.313484 0.013780 0.007382
1 0.624016 0.346334 0.013780 0.007628
1 0.547080 0.357283 0.014764 0.006398
1 0.534941 0.368110 0.008858 0.008858
1 0.542487 0.381029 0.018701 0.009104
1 0.580545 0.387057 0.014108 0.012795
1 0.563976 0.409572 0.009843 0.012549
1 0.544948 0.403174 0.009186 0.010581
1 0.526411 0.408095 0.018045 0.008612
1 0.565125 0.424336 0.013451 0.011565
1 0.607448 0.428150 0.016732 0.010335
1 0.583497 0.449680 0.015420 0.007136
1 0.629101 0.429380 0.015420 0.008366
1 0.641404 0.421014 0.015092 0.006398
1 0.620735 0.396284 0.008530 0.008612
1 0.625328 0.407357 0.011811 0.008612
1 0.531496 0.447343 0.017717 0.008366
1 0.562828 0.450910 0.018045 0.009104
1 0.504265 0.456078 0.013123 0.010581
1 0.483924 0.474040 0.010499 0.009596
1 0.606955 0.517101 0.012467 0.006152
1 0.644357 0.523622 0.009186 0.008366
1 0.599738 0.536786 0.012467 0.008120
1 0.546916 0.544537 0.022966 0.009350
1 0.554298 0.558932 0.014764 0.011565
1 0.585302 0.559793 0.011811 0.006398
1 0.603510 0.568282 0.008858 0.010581
1 0.589567 0.581078 0.013780 0.009596
1 0.605971 0.583292 0.009843 0.011565
1 0.640584 0.553273 0.012795 0.014026
1 0.625164 0.551550 0.008202 0.012057
1 0.625164 0.563853 0.018045 0.007136
1 0.512139 0.608391 0.015748 0.014518
1 0.487205 0.639395 0.016404 0.011073
1 0.509843 0.638287 0.018373 0.008858
1 0.456201 0.625984 0.009514 0.008858
1 0.458825 0.646407 0.013451 0.013287
1 0.551017 0.621063 0.009514 0.010335
1 0.631562 0.652682 0.009186 0.014026
1 0.666339 0.627092 0.010499 0.012549
1 0.654364 0.616388 0.009514 0.012795
1 0.639928 0.614173 0.013451 0.013780
1 0.604167 0.598056 0.009514 0.011565
1 0.620243 0.623893 0.015420 0.008120
1 0.644849 0.663632 0.011483 0.006398
1 0.655840 0.652928 0.013123 0.009104
1 0.448819 0.782480 0.011811 0.016732
1 0.455217 0.758366 0.012795 0.013780
1 0.472933 0.746924 0.011483 0.015010
1 0.492126 0.749877 0.011155 0.013041
1 0.506562 0.749139 0.012467 0.012057
1 0.510171 0.785064 0.008530 0.007136
1 0.534777 0.723671 0.015748 0.006398
1 0.552822 0.733883 0.015748 0.007628
1 0.562828 0.745940 0.016076 0.012057
1 0.595144 0.731914 0.011811 0.007628
1 0.588583 0.722810 0.014436 0.009596
1 0.565945 0.712844 0.012467 0.009350
1 0.538222 0.708169 0.012795 0.015748
1 0.518537 0.703371 0.008858 0.012549
1 0.507546 0.702756 0.010499 0.008366
1 0.568898 0.726132 0.008530 0.010335
1 0.579724 0.770792 0.013123 0.007628
1 0.419455 0.728223 0.018045 0.008120
1 0.688156 0.698819 0.021325 0.007874
1 0.706857 0.682579 0.015420 0.008366
1 0.690125 0.680610 0.012139 0.012303
1 0.705381 0.673105 0.011811 0.005659
1 0.813320 0.665846 0.009186 0.012795
1 0.796096 0.681964 0.013451 0.006644
1 0.830052 0.653789 0.015748 0.009350
1 0.787238 0.666954 0.012139 0.010089
1 0.820210 0.635950 0.009186 0.010581
1 0.831857 0.633489 0.008202 0.013533
1 0.780676 0.345103 0.015420 0.011565
1 0.748360 0.337229 0.007874 0.009104
1 0.738845 0.340797 0.011155 0.008366
1 0.694718 0.332554 0.016732 0.006644
1 0.729659 0.359744 0.011155 0.014272
1 0.742290 0.357037 0.011483 0.008366
1 0.755577 0.350394 0.009186 0.010335
1 0.686844 0.319882 0.014108 0.008366
1 0.719652 0.392594 0.013451 0.007136
1 0.692093 0.397515 0.009514 0.014026
1 0.758038 0.398130 0.008202 0.009350
1 0.724738 0.420891 0.016404 0.009104
1 0.689797 0.414616 0.015420 0.007382
1 0.693406 0.422736 0.014108 0.007874
1 0.678642 0.426796 0.011483 0.007628
1 0.698491 0.431841 0.015748 0.005413
1 0.714895 0.431841 0.010499 0.009843
1 0.745243 0.420645 0.006234 0.011565
1 0.756890 0.422982 0.007874 0.011811
1 0.748196 0.450664 0.019357 0.006644
1 0.732612 0.440330 0.011155 0.009596
1 0.811516 0.453863 0.011483 0.010581
1 0.794948 0.461983 0.008530 0.007136
1 0.785433 0.455586 0.016404 0.003691
1 0.789206 0.450418 0.018701 0.005659
1 0.745899 0.461368 0.008858 0.007874
1 0.771982 0.490527 0.007874 0.011073
1 0.773458 0.499139 0.012795 0.005167
1 0.753281 0.508120 0.014436 0.008858
1 0.736549 0.512180 0.010499 0.008612
1 0.720308 0.511196 0.015420 0.009104
1 0.749180 0.489911 0.007546 0.009843
1 0.738189 0.490034 0.008530 0.009596
1 0.750000 0.531004 0.009843 0.010827
1 0.734580 0.538878 0.019029 0.021161
1 0.769849 0.549213 0.011483 0.016732
1 0.682907 0.617372 0.018045 0.009350
