0 0.193159 0.322507 0.056594 0.045276
0 0.210507 0.370735 0.050935 0.045276
0 0.262672 0.426017 0.066191 0.058071
0 0.427411 0.340715 0.053150 0.075787
0 0.543922 0.358760 0.032726 0.065945
0 0.659695 0.395505 0.052657 0.046260
0 0.773745 0.349902 0.063730 0.083005
0 0.868356 0.354823 0.062500 0.065945
0 0.729823 0.480151 0.057087 0.042323
0 0.931102 0.539534 0.052657 0.060696
0 0.837352 0.616634 0.060531 0.080381
0 0.573942 0.510335 0.050935 0.088911
0 0.342151 0.468176 0.065207 0.040026
0 0.310778 0.524442 0.054134 0.060039
0 0.232653 0.606627 0.066191 0.071522
0 0.168922 0.586614 0.035679 0.074147
0 0.126599 0.576772 0.045030 0.084646
0 0.076156 0.627953 0.052904 0.086614
1 0.032603 0.438320 0.014518 0.022310
1 0.066683 0.436680 0.024606 0.015092
1 0.108514 0.436024 0.020177 0.018373
1 0.257751 0.468012 0.017470 0.020013
1 0.298597 0.480315 0.014026 0.026903
1 0.254306 0.339239 0.016486 0.017060
1 0.233391 0.301345 0.015502 0.014108
1 0.345472 0.326936 0.016732 0.019357
1 0.462475 0.354167 0.011565 0.016076
1 0.520054 0.361056 0.012057 0.016076
1 0.583046 0.396325 0.014026 0.017717
1 0.573819 0.426673 0.009843 0.022638
1 0.534941 0.478675 0.010335 0.020341
1 0.443898 0.433071 0.013780 0.015748
1 0.412525 0.533301 0.014518 0.019357
1 0.615404 0.621555 0.019685 0.020013
1 0.668061 0.485236 0.010335 0.016404
1 0.806718 0.449639 0.015010 0.029856
1 0.846334 0.487369 0.020915 0.023950
1 0.916708 0.301837 0.013533 0.026903
1 0.967643 0.320866 0.020423 0.017060
1 0.925689 0.451444 0.013287 0.009843
