0 0.107899 0.262959 0.036663 0.040354
0 0.298967 0.303150 0.031988 0.040026
0 0.405143 0.377297 0.025837 0.032808
0 0.500369 0.348917 0.022884 0.036417
0 0.520669 0.411089 0.021654 0.026903
0 0.537156 0.405020 0.021161 0.025919
0 0.697958 0.575787 0.032726 0.032808
0 0.650714 0.568406 0.026329 0.029856
0 0.660925 0.603018 0.028543 0.034777
0 0.565207 0.565125 0.032480 0.035105
0 0.502215 0.605971 0.038386 0.041339
0 0.587106 0.684875 0.036417 0.047572
0 0.531004 0.686680 0.037894 0.046588
0 0.455586 0.662238 0.033219 0.043635
0 0.316437 0.603510 0.031988 0.043635
0 0.243725 0.664370 0.057825 0.054462
1 0.086245 0.521325 0.011073 0.017717
1 0.203863 0.583990 0.016486 0.007218
1 0.211614 0.593340 0.015256 0.010171
1 0.293553 0.597933 0.007874 0.023294
1 0.384966 0.541831 0.010581 0.014108
1 0.270792 0.802001 0.021407 0.018045
