0 0.585466 0.538140 0.040354 0.020669
0 0.586122 0.566437 0.044291 0.028051
0 0.564469 0.612574 0.047572 0.034203
0 0.573491 0.651329 0.052493 0.034941
0 0.747211 0.556225 0.047572 0.038632
0 0.711122 0.561393 0.021982 0.038140
0 0.745571 0.486713 0.045604 0.025098
1 0.762303 0.506029 0.020013 0.011565
1 0.794127 0.537771 0.016732 0.013041
0 0.331693 0.599656 0.038714 0.028051
0 0.296260 0.632751 0.036089 0.020915
0 0.311680 0.553150 0.028215 0.021654
0 0.394685 0.579232 0.028215 0.019685
0 0.404199 0.558194 0.030840 0.019439
