0 0.701772 0.681841 0.068898 0.034941
0 0.676673 0.581447 0.050197 0.038878
0 0.825623 0.306594 0.056759 0.034449
0 0.747703 0.343504 0.034777 0.019193
0 0.667487 0.312131 0.020669 0.017470
0 0.659777 0.393455 0.038714 0.029528
0 0.753281 0.414370 0.036745 0.026083
0 0.672244 0.425074 0.039370 0.019439
0 0.815945 0.468381 0.040026 0.013533
0 0.851378 0.495694 0.056430 0.034203
0 0.671916 0.548351 0.042651 0.019931
0 0.473917 0.661417 0.048885 0.029035
0 0.377953 0.667815 0.046588 0.021161
0 0.341535 0.639764 0.028871 0.022146
0 0.404364 0.631398 0.044948 0.023622
0 0.364665 0.579970 0.023950 0.024114
0 0.399114 0.583046 0.038386 0.018947
0 0.322178 0.608391 0.036745 0.018455
0 0.470801 0.542323 0.038058 0.016240
0 0.470472 0.582062 0.030840 0.016978
0 0.469160 0.606299 0.030840 0.021654
0 0.442585 0.620694 0.017060 0.017963
0 0.750820 0.447219 0.049541 0.016486
0 0.710794 0.433071 0.022638 0.019685
0 0.388615 0.506152 0.025262 0.026083
0 0.346457 0.523745 0.025591 0.020915
0 0.418143 0.486836 0.025262 0.011565
0 0.453412 0.492864 0.032808 0.015748
0 0.505577 0.441437 0.030184 0.016240
0 0.520505 0.402928 0.023950 0.012549
0 0.520177 0.487328 0.020669 0.021407
0 0.472769 0.289001 0.024934 0.015502
0 0.410105 0.373893 0.030840 0.019439
0 0.395013 0.425566 0.020997 0.015502
0 0.463255 0.424336 0.026247 0.021900
0 0.431594 0.431102 0.023950 0.016732
0 0.470965 0.470472 0.017388 0.020177
0 0.498031 0.362328 0.028871 0.015994
1 0.821030 0.641117 0.015420 0.010581
1 0.320702 0.681225 0.014108 0.011565
1 0.345965 0.689469 0.014108 0.009350
1 0.289042 0.701033 0.009186 0.005906
1 0.304298 0.718504 0.011483 0.012303
1 0.370571 0.698450 0.008202 0.011565
1 0.440945 0.689961 0.015092 0.009843
1 0.399278 0.689715 0.009843 0.011319
1 0.296260 0.649606 0.009843 0.007874
1 0.300689 0.669414 0.009514 0.007628
1 0.317257 0.666216 0.007874 0.006644
1 0.271982 0.685285 0.011155 0.009843
1 0.311024 0.692421 0.010499 0.009350
1 0.300853 0.621432 0.011155 0.004183
1 0.299541 0.629552 0.009186 0.007628
1 0.306594 0.643947 0.007546 0.011319
1 0.422572 0.601501 0.014436 0.008612
1 0.330217 0.586245 0.014764 0.006644
1 0.311024 0.571235 0.007874 0.009104
1 0.324803 0.576033 0.008530 0.007382
1 0.368438 0.559178 0.013123 0.007628
1 0.399770 0.559424 0.006234 0.006152
1 0.326115 0.544168 0.009186 0.007628
1 0.413714 0.552657 0.006562 0.008858
1 0.430938 0.540969 0.009514 0.005167
1 0.389272 0.547982 0.008202 0.006890
1 0.379921 0.534941 0.011811 0.005906
1 0.454232 0.522761 0.009514 0.008120
1 0.353510 0.460015 0.011483 0.005659
1 0.358760 0.469488 0.010827 0.007382
1 0.405840 0.394439 0.011811 0.004429
1 0.755741 0.523130 0.012139 0.008366
1 0.754757 0.511811 0.009514 0.009350
1 0.851214 0.426550 0.016076 0.011565
1 0.780348 0.346580 0.015420 0.011073
1 0.807743 0.383858 0.009843 0.009350
1 0.830052 0.366388 0.016404 0.008858
0 0.738681 0.319513 0.035105 0.020915
0 0.696522 0.337106 0.022966 0.015748
0 0.833990 0.580955 0.027559 0.032972
0 0.875328 0.572343 0.050525 0.037402
1 0.682743 0.483022 0.015748 0.007874
1 0.388615 0.447958 0.009514 0.005167
1 0.348097 0.473179 0.007218 0.004921
1 0.416667 0.541708 0.005906 0.005659
1 0.453576 0.562008 0.008202 0.008858
1 0.354003 0.597564 0.009843 0.008612
1 0.414206 0.657234 0.008202 0.008366
