0 0.348425 0.405184 0.029528 0.038714
0 0.406742 0.425033 0.030020 0.031824
0 0.469980 0.467848 0.030512 0.042651
0 0.573573 0.468668 0.032480 0.035761
0 0.607406 0.420112 0.030266 0.032480
0 0.633981 0.418143 0.022392 0.034449
0 0.663140 0.445538 0.025098 0.028215
0 0.671014 0.471621 0.022638 0.023294
0 0.696358 0.437336 0.024606 0.040682
0 0.718750 0.467520 0.022146 0.034121
0 0.735482 0.393537 0.026575 0.034449
0 0.705709 0.674705 0.033957 0.042979
0 0.653543 0.747047 0.033465 0.045932
0 0.628568 0.802165 0.032726 0.052493
0 0.595842 0.818570 0.030266 0.052493
0 0.498401 0.845144 0.030758 0.053150
0 0.455832 0.754757 0.029774 0.063320
0 0.368971 0.711450 0.030266 0.040354
0 0.342889 0.779199 0.038632 0.047900
0 0.266732 0.704068 0.028051 0.051837
0 0.332554 0.700787 0.034203 0.030840
0 0.330463 0.734416 0.023622 0.037073
0 0.301673 0.767552 0.019193 0.048885
0 0.265133 0.812008 0.031742 0.053806
0 0.224286 0.840223 0.034203 0.036745
0 0.515748 0.685367 0.028051 0.050525
0 0.809547 0.664042 0.036417 0.041995
0 0.834769 0.794948 0.046998 0.050525