0 0.4639124015748031 0.8051640419947507 0.013811515748031524 0.01028543307086626
0 0.509517716535433 0.6743011811023621 0.009283956692913278 0.01102362204724414
0 0.4825073818897638 0.6762401574803149 0.006262303149606255 0.01609580052493444
0 0.4566707677165355 0.6791469816272966 0.008722933070866096 0.017739501312335936
0 0.3987918307086614 0.6798556430446193 0.009283956692913391 0.01557414698162738
0 0.4279822834645669 0.6879855643044619 0.00906003937007878 0.012746062992126104
0 0.5941313976377953 0.5233070866141732 0.01118356299212594 0.01326115485564307
0 0.5855733267716535 0.5104035433070866 0.011520669291338511 0.010718503937007897
0 0.6162204724409449 0.4872834645669291 0.012861712598425305 0.015180446194225716
0 0.5994143700787401 0.4753477690288714 0.007883858267716527 0.00920931758530189
0 0.5712869094488189 0.4989534120734908 0.007101377952755825 0.007506561679790062
0 0.5404995078740158 0.5178608923884515 0.007716535433070786 0.013704068241469811
0 0.49682332677165353 0.5055938320209974 0.006710137795275586 0.010639763779527505
0 0.45999753937007876 0.5004461942257218 0.005984251968503977 0.01048884514435689
0 0.44814222440944884 0.48254593175853017 0.007325295275590547 0.01048228346456687
0 0.6475369094488189 0.47542322834645667 0.009283956692913278 0.013533464566929134
0 0.6314320866141732 0.745488845144357 0.00794045275590562 0.01143044619422577
0 0.569384842519685 0.6711384514435695 0.007325295275590659 0.012457349081364838
0 0.5673991141732283 0.5283398950131234 0.0073818897637795275 0.007221128608923956
0 0.4949778543307086 0.516519028871391 0.005703740157480275 0.009229002624671951
0 0.47403543307086615 0.5579494750656169 0.0090034448818898 0.012158792650918617