0 0.193159 0.322507 0.056594 0.045276
0 0.210507 0.370735 0.050935 0.045276
0 0.262672 0.426017 0.066191 0.058071
0 0.427411 0.340715 0.053150 0.075787
0 0.543922 0.358760 0.032726 0.065945
0 0.659695 0.395505 0.052657 0.046260
0 0.773745 0.349902 0.063730 0.083005
0 0.868356 0.354823 0.062500 0.065945
0 0.729823 0.480151 0.057087 0.042323
0 0.931102 0.539534 0.052657 0.060696
0 0.837352 0.616634 0.060531 0.080381
0 0.573942 0.510335 0.050935 0.088911
0 0.342151 0.468176 0.065207 0.040026
0 0.310778 0.524442 0.054134 0.060039
0 0.232653 0.606627 0.066191 0.071522
0 0.168922 0.586614 0.035679 0.074147
0 0.126599 0.576772 0.045030 0.084646
0 0.076156 0.627953 0.052904 0.086614