0 0.771654 0.255741 0.046260 0.041667
0 0.844734 0.448819 0.020177 0.049213
0 0.715059 0.422736 0.028543 0.037730
0 0.686393 0.469324 0.025344 0.029856
0 0.637057 0.417159 0.027559 0.025919
0 0.641117 0.449803 0.020423 0.033465
0 0.606791 0.446194 0.024114 0.032808
0 0.539739 0.410433 0.025344 0.035433
0 0.557456 0.458497 0.013041 0.025919
0 0.450049 0.483760 0.023130 0.018045
0 0.428888 0.458005 0.016732 0.019685
0 0.351132 0.445046 0.026083 0.037730
0 0.370571 0.475558 0.017717 0.021325
0 0.349902 0.492946 0.022638 0.017388
0 0.304749 0.451772 0.021900 0.029528
0 0.323573 0.483596 0.017224 0.031496
0 0.247785 0.464239 0.029528 0.029528
0 0.146777 0.697014 0.030266 0.031824
0 0.172982 0.664698 0.020177 0.032808
0 0.197219 0.653871 0.022392 0.028871
0 0.255906 0.653871 0.025098 0.032808
0 0.209154 0.754101 0.036417 0.034449
0 0.170399 0.777887 0.029281 0.033465
0 0.168061 0.821194 0.039862 0.024278
0 0.278297 0.724902 0.045276 0.049541
0 0.300443 0.687008 0.033465 0.026247
0 0.360728 0.658136 0.023622 0.039370
0 0.381767 0.688812 0.017963 0.038386
0 0.407357 0.697507 0.024360 0.042651
0 0.344119 0.789534 0.043061 0.046916
0 0.403174 0.774442 0.040600 0.052165
0 0.477608 0.702592 0.031496 0.055446
0 0.529405 0.714567 0.041093 0.036745
0 0.570005 0.728839 0.029774 0.060696
0 0.477977 0.791010 0.029281 0.036745
0 0.513533 0.795604 0.036909 0.040682
0 0.569636 0.832185 0.036417 0.058727
0 0.616880 0.712762 0.027067 0.044291
0 0.648745 0.724902 0.033711 0.035761
0 0.657111 0.810860 0.051919 0.047572
0 0.711860 0.666831 0.029528 0.041667
0 0.827510 0.655676 0.044291 0.034449
0 0.766363 0.689304 0.024360 0.035433
0 0.789493 0.681430 0.020423 0.040026
0 0.724040 0.740322 0.028297 0.042979
0 0.755167 0.738025 0.031004 0.048228
0 0.791585 0.742618 0.036909 0.037073
0 0.825418 0.757382 0.026821 0.052165
0 0.867126 0.745079 0.036417 0.049213