0 0.310778 0.126969 0.050197 0.070866
0 0.251969 0.523786 0.065945 0.058727
0 0.207308 0.468996 0.056348 0.042979
0 0.187992 0.424213 0.054134 0.040026
0 0.066806 0.714895 0.058317 0.087270
0 0.118602 0.668963 0.041339 0.088583
0 0.160187 0.675853 0.041831 0.077428
0 0.217889 0.697178 0.063730 0.068241
0 0.243110 0.589239 0.064961 0.043307
0 0.328986 0.556759 0.065453 0.040026
0 0.303765 0.615650 0.064222 0.056102
0 0.421506 0.556430 0.050197 0.047244
0 0.433440 0.672900 0.058809 0.098425
0 0.553519 0.595636 0.051427 0.086286
0 0.635704 0.484580 0.051427 0.051181
0 0.744094 0.440125 0.064961 0.077100
0 0.525098 0.452428 0.033465 0.063648
0 0.703494 0.565617 0.052657 0.050525
0 0.838091 0.441273 0.058563 0.065617
0 0.900468 0.611220 0.052904 0.068241
0 0.938115 0.547244 0.062746 0.053806
0 0.703002 0.764108 0.065453 0.074147
0 0.811147 0.688648 0.060285 0.084646