0 0.70435531496063 0.5280183727034121 0.00984251968503937 0.012473753280839888
0 0.6919389763779528 0.5381692913385826 0.010841535433070964 0.010633202099737485
0 0.7145841535433072 0.5474015748031497 0.009379921259842492 0.008585958005249368
0 0.6988582677165354 0.6706036745406824 0.009303641732283563 0.015492125984251977
0 0.8107012795275591 0.6615780839895014 0.013993602362204698 0.01302493438320204
0 0.6643700787401575 0.6843832020997376 0.006766732283464567 0.009422572178477773
0 0.831193405511811 0.7172375328083989 0.009456200787401647 0.01033464566929134
0 0.7138139763779527 0.8663976377952757 0.012763287401574777 0.012559055118110153
0 0.5690600393700787 0.7873818897637795 0.012379429133858366 0.0136515748031495
0 0.5430708661417323 0.8634776902887139 0.01514763779527569 0.017378608923884598
0 0.5857086614173229 0.5897900262467192 0.013686023622047218 0.0088877952755906
0 0.492320374015748 0.5657316272965879 0.00899606299212597 0.014901574803149631
0 0.4401845472440945 0.7275984251968504 0.011764271653543294 0.015469160104986758