0 0.248031 0.198327 0.035433 0.032480
0 0.312828 0.168061 0.044948 0.023622
0 0.343668 0.193898 0.026575 0.024606
0 0.298885 0.224902 0.050525 0.049213
0 0.485400 0.185778 0.045604 0.026575
0 0.279199 0.313976 0.044619 0.033957
0 0.420112 0.108022 0.036417 0.035433
0 0.527723 0.126107 0.036417 0.032726
0 0.589239 0.182579 0.043963 0.028051
0 0.628609 0.131521 0.037402 0.025837
0 0.653051 0.160802 0.038386 0.023376
0 0.488189 0.221088 0.044619 0.037156
0 0.470472 0.279405 0.038714 0.022884
0 0.430774 0.308809 0.047244 0.022638
0 0.420932 0.337721 0.048556 0.024852
0 0.490814 0.315453 0.037402 0.036909
0 0.607283 0.294660 0.041339 0.029281
0 0.320866 0.352977 0.047900 0.041585
0 0.467356 0.114665 0.049541 0.023130
0 0.480971 0.136934 0.041339 0.016978
0 0.537402 0.220842 0.032808 0.031742
0 0.573655 0.226501 0.033793 0.032234
0 0.429626 0.236836 0.027231 0.034203
0 0.669619 0.241265 0.055118 0.028297
0 0.715551 0.216535 0.031496 0.031004
0 0.616142 0.371555 0.046588 0.019193
0 0.658465 0.397146 0.032808 0.042323
0 0.690125 0.373770 0.025262 0.030512
0 0.500492 0.359867 0.046260 0.034203
0 0.399934 0.396038 0.046588 0.034695
0 0.385663 0.444390 0.049541 0.039862
0 0.384022 0.481914 0.063320 0.026821
0 0.390584 0.524729 0.044291 0.030266
0 0.383530 0.549582 0.047244 0.026329
0 0.323491 0.566806 0.043307 0.034695
0 0.374180 0.581816 0.050197 0.031250
0 0.506726 0.541339 0.052822 0.027067
0 0.474409 0.569882 0.024278 0.031496
0 0.516896 0.575787 0.054134 0.021654
0 0.461614 0.606053 0.050525 0.026575
0 0.366798 0.615034 0.049213 0.028297
0 0.364829 0.643947 0.060367 0.027067
0 0.358268 0.675074 0.041339 0.031250
0 0.429134 0.653666 0.051181 0.027313
0 0.438320 0.678027 0.050525 0.017470
0 0.406332 0.701649 0.053478 0.025344
0 0.467356 0.717520 0.051509 0.044291
0 0.348261 0.742126 0.063976 0.031988
0 0.365157 0.782603 0.061024 0.033711
0 0.566765 0.654651 0.051509 0.031742
0 0.564633 0.683686 0.040682 0.022884
0 0.507710 0.674951 0.045604 0.029528
0 0.284121 0.773622 0.047244 0.043799
0 0.283465 0.725886 0.038058 0.043307
0 0.139436 0.660556 0.063648 0.039616
0 0.176017 0.624385 0.047572 0.019931
0 0.268865 0.567052 0.056759 0.052904
0 0.168471 0.541339 0.054790 0.025591
0 0.245899 0.492126 0.033136 0.044783
0 0.206037 0.498031 0.041339 0.045276
0 0.202100 0.457554 0.052493 0.032726
0 0.273622 0.443775 0.039370 0.033219
0 0.282152 0.411540 0.032808 0.024852
0 0.461286 0.413632 0.029528 0.030512
0 0.493274 0.411048 0.029199 0.025344
0 0.501969 0.440945 0.039370 0.028051
0 0.578904 0.491634 0.054790 0.027559
0 0.633694 0.481053 0.047572 0.032972
0 0.679626 0.497293 0.038386 0.039370
0 0.697507 0.556348 0.032152 0.051181
0 0.691601 0.591905 0.047244 0.017470
0 0.747375 0.670522 0.048556 0.040354
0 0.869915 0.613681 0.055446 0.033465
0 0.878937 0.516978 0.043963 0.035925
0 0.815617 0.531004 0.049869 0.034449
0 0.815453 0.490773 0.056759 0.037156
0 0.890748 0.397638 0.041339 0.039862
0 0.789042 0.439222 0.051837 0.026083
0 0.742454 0.319759 0.032808 0.030266
0 0.789042 0.288632 0.036745 0.020177
0 0.718668 0.258981 0.034449 0.040600
0 0.755413 0.230192 0.037073 0.022392
0 0.741142 0.182456 0.038058 0.025344
0 0.800361 0.146654 0.037073 0.030020
0 0.771490 0.100763 0.037730 0.041585
0 0.388451 0.230930 0.048556 0.036663
0 0.081529 0.429503 0.063320 0.056841
0 0.331693 0.705832 0.047900 0.027805
0 0.264436 0.624262 0.041995 0.030512
0 0.809711 0.759350 0.065617 0.037402