0 0.561024 0.380290 0.025591 0.021407
0 0.580873 0.435778 0.027231 0.016240
0 0.556594 0.486097 0.046916 0.026821
0 0.411581 0.559670 0.039042 0.028789
0 0.367290 0.574680 0.021982 0.027313
0 0.390748 0.582800 0.024934 0.015994
0 0.500984 0.616634 0.040026 0.024114
0 0.535269 0.603839 0.023950 0.023130
0 0.493438 0.675197 0.037402 0.021161
0 0.373852 0.655143 0.027231 0.027805
0 0.320702 0.687869 0.041667 0.030758
0 0.406496 0.731668 0.057743 0.040108
0 0.337762 0.740773 0.041667 0.031742
0 0.371391 0.781496 0.062336 0.033957
0 0.486549 0.792200 0.059055 0.047490
0 0.456529 0.721457 0.034449 0.038878
0 0.751804 0.710876 0.055446 0.051673
0 0.746391 0.657849 0.047244 0.035187
0 0.769029 0.864419 0.066929 0.052165
0 0.760171 0.478716 0.054462 0.030266
0 0.742290 0.437254 0.039042 0.032480
0 0.851870 0.479823 0.034449 0.034941
0 0.858596 0.383366 0.047900 0.027559
0 0.765748 0.330463 0.035433 0.024114