0 0.7598351377952756 0.6490452755905511 0.018070866141732186 0.016666666666666725
0 0.6622957677165354 0.8489960629921259 0.0186072834645669 0.02286745406824141
0 0.6448400590551181 0.5310990813648294 0.021222933070866142 0.01371062992125983
0 0.6508366141732284 0.6573261154855643 0.012303149606299213 0.017644356955380643
0 0.6168110236220472 0.6708628608923884 0.008843503937007776 0.011089238845144416
0 0.5228469488188976 0.7751181102362205 0.01284202755905502 0.01700787401574808
0 0.49754921259842516 0.846492782152231 0.015762795275590595 0.017860892388451313
0 0.45141240157480317 0.5595406824146981 0.012687007874015735 0.0164632545931758
0 0.39535433070866144 0.7194061679790026 0.012534448818897651 0.018772965879265177
0 0.6582185039370079 0.5200328083989502 0.004306102362204725 0.010442913385826747
0 0.5422613188976378 0.5804101049868766 0.011687992125984252 0.010629921259842549