0 0.622703 0.568529 0.041339 0.023376
0 0.623360 0.597564 0.041339 0.028297
0 0.605315 0.640871 0.047244 0.041585
0 0.620571 0.681102 0.048885 0.031496
0 0.783301 0.588460 0.044291 0.036663
0 0.747539 0.593135 0.027231 0.043553
0 0.772310 0.523745 0.032808 0.036171
0 0.376148 0.627461 0.041010 0.031496
0 0.339895 0.659695 0.036089 0.024114
0 0.318077 0.632013 0.039698 0.027805
0 0.353346 0.583046 0.029528 0.020915
0 0.310531 0.608514 0.034449 0.017717
0 0.443406 0.588706 0.036417 0.020915
0 0.440125 0.611344 0.039698 0.023376
0 0.453084 0.557825 0.033465 0.020669
0 0.389272 0.525591 0.028543 0.022146
0 0.650755 0.438238 0.030512 0.025098