0 0.343873 0.349409 0.034203 0.032152
0 0.307087 0.495243 0.026575 0.023294
0 0.355192 0.483760 0.021407 0.027231
0 0.374754 0.513287 0.017224 0.027887
0 0.397638 0.520669 0.022146 0.027559
0 0.418553 0.504265 0.015748 0.024934
0 0.491265 0.471949 0.031742 0.029856
0 0.570005 0.450623 0.024360 0.025919
0 0.656619 0.458005 0.025344 0.024934
0 0.726009 0.464239 0.023376 0.034777
0 0.631152 0.482612 0.022638 0.029528
0 0.842520 0.489993 0.016732 0.044948
0 0.823696 0.676673 0.036171 0.031824
0 0.890748 0.743930 0.034449 0.044948
0 0.891117 0.798885 0.040108 0.033465
0 0.852854 0.754265 0.034941 0.043963
0 0.842397 0.795276 0.043061 0.030184
0 0.817421 0.760827 0.025098 0.036745
0 0.758612 0.747703 0.025591 0.043307
0 0.729331 0.750820 0.030020 0.041010
0 0.673597 0.805610 0.043061 0.043635
0 0.664862 0.733432 0.031496 0.029199
0 0.636196 0.724245 0.023376 0.039698
0 0.595349 0.732448 0.030758 0.043635
0 0.562008 0.726214 0.033957 0.037073
0 0.515379 0.797080 0.033219 0.043635
0 0.453371 0.773950 0.034203 0.043307
0 0.404281 0.785269 0.036417 0.041667
0 0.453494 0.708169 0.023622 0.037730
0 0.413386 0.673228 0.021161 0.037402
0 0.432702 0.703904 0.016486 0.043635
0 0.344242 0.730479 0.037402 0.042323
0 0.253568 0.809219 0.033711 0.032480
0 0.225271 0.704724 0.028297 0.028871