0 0.5812327755905512 0.3471325459317585 0.010888287401574803 0.010987532808398879
0 0.5917199803149606 0.3563615485564305 0.007750984251968504 0.009763779527559127
0 0.5113804133858267 0.40414041994750655 0.006028543307086614 0.013458005249343825
0 0.4199680118110236 0.37883202099737534 0.006766732283464567 0.007457349081364835
0 0.33852116141732286 0.3415813648293964 0.0072588582677165355 0.010387139107611501
0 0.30222687007874016 0.3613943569553806 0.006028543307086614 0.009327427821522256
0 0.25227608267716534 0.3659055118110236 0.009965551181102362 0.011791338582677183
0 0.32292814960629923 0.40220800524934386 0.007074311023622047 0.008937007874015676
0 0.21755167322834645 0.5839304461942257 0.009904035433070866 0.012145669291338576
0 0.13822588582677164 0.6176082677165354 0.011687992125984252 0.011259842519685093
0 0.24461860236220473 0.6358530183727034 0.009904035433070866 0.014940944881889752
0 0.3451353346456693 0.6138681102362205 0.01310285433070866 0.019524278215223168
0 0.3479945866141732 0.5944652230971129 0.007997047244094488 0.014839238845144364
0 0.3981003937007874 0.6597604986876641 0.009288877952755906 0.015508530183727028
0 0.15806594488188977 0.6796948818897638 0.00953494094488189 0.013382545931758518
0 0.390378937007874 0.7072080052493439 0.010580708661417323 0.01329396325459332