0 0.302288 0.126969 0.047982 0.076772
0 0.180118 0.429954 0.056594 0.044948
0 0.245202 0.527067 0.067175 0.057415
0 0.410556 0.442585 0.052904 0.076115
0 0.631398 0.488025 0.055118 0.052165
0 0.415969 0.565617 0.051427 0.047900
0 0.549090 0.599902 0.051919 0.090879
0 0.697712 0.580545 0.051427 0.071850
0 0.743233 0.441601 0.066683 0.081365
0 0.836860 0.442749 0.060531 0.068570
0 0.937623 0.558071 0.061762 0.070210
0 0.900468 0.617946 0.050935 0.056759
0 0.429503 0.680446 0.064222 0.104331
0 0.207800 0.705381 0.067175 0.069554
0 0.148868 0.686024 0.040846 0.067585
0 0.108268 0.678314 0.039370 0.083661
0 0.055856 0.725558 0.061024 0.083005
0 0.221211 0.598753 0.035925 0.049869
0 0.324065 0.563484 0.068406 0.035761