0 0.5041830708661418 0.4809711286089239 0.014271653543307087 0.01706036745406824
0 0.4891732283464567 0.5065616797900262 0.013779527559055118 0.01968503937007874
0 0.35851377952755903 0.41272965879265094 0.01328740157480315 0.02230971128608924
0 0.5511811023622047 0.6998031496062992 0.013779527559055118 0.019028871391076115
0 0.5211614173228346 0.4603018372703412 0.008858267716535433 0.015091863517060367
0 0.7785433070866141 0.3884514435695538 0.010826771653543307 0.01837270341207349
0 0.74876968503937 0.3556430446194226 0.009350393700787402 0.01706036745406824
0 0.8095472440944882 0.39829396325459315 0.025590551181102362 0.01968503937007874
0 0.7359744094488189 0.3421916010498688 0.011318897637795276 0.019028871391076115
0 0.8572834645669292 0.5967847769028871 0.014763779527559055 0.021653543307086614
0 0.6190944881889764 0.4839238845144357 0.008858267716535433 0.015091863517060367
0 0.5120570866141733 0.5223097112860893 0.01328740157480315 0.023622047244094488
0 0.7935531496062992 0.307742782152231 0.014271653543307087 0.015748031496062992
0 0.8555610236220472 0.3989501312335958 0.01328740157480315 0.02230971128608924