0 0.461122 0.388287 0.023950 0.022146
0 0.564140 0.479823 0.048228 0.027559
0 0.419783 0.551673 0.037730 0.029528
0 0.388944 0.575049 0.039698 0.016240
0 0.508038 0.609867 0.044948 0.028297
0 0.379593 0.648253 0.028215 0.035187
0 0.417815 0.660802 0.044948 0.032726
0 0.325787 0.678642 0.046588 0.032480
0 0.341207 0.731422 0.043963 0.031250
0 0.410925 0.722441 0.061352 0.043307
0 0.376148 0.775098 0.060696 0.039370
0 0.490978 0.783711 0.061352 0.049213
0 0.461614 0.713583 0.033465 0.038878
0 0.500492 0.667446 0.042323 0.022392
0 0.495079 0.541708 0.036089 0.031250
0 0.455873 0.525591 0.034449 0.024114
0 0.547572 0.456816 0.029528 0.018455
0 0.482940 0.455832 0.032808 0.019439
0 0.753609 0.430979 0.040026 0.034203
0 0.768701 0.472564 0.053806 0.034695
0 0.864501 0.474532 0.036089 0.036171
0 0.824311 0.496924 0.042979 0.017470
0 0.868274 0.376845 0.052822 0.025837
0 0.807907 0.362328 0.031168 0.020423
0 0.776903 0.326280 0.032152 0.024114
0 0.760171 0.704724 0.061024 0.052165
0 0.752953 0.652190 0.051181 0.033711
0 0.774934 0.856791 0.079396 0.061024