0 0.338911 0.538140 0.036745 0.028543
0 0.428478 0.579970 0.040682 0.025098
0 0.310696 0.624262 0.028871 0.025098
0 0.425197 0.736590 0.044619 0.039124
0 0.313320 0.739419 0.058399 0.031496
0 0.343176 0.690453 0.052493 0.032972
0 0.683235 0.770546 0.056102 0.040600
0 0.663222 0.637918 0.062664 0.033711
0 0.653543 0.596580 0.043307 0.029281
0 0.645013 0.404158 0.034777 0.035187
0 0.745899 0.345719 0.035761 0.024606
0 0.659941 0.442913 0.046916 0.028051
0 0.714731 0.454232 0.039042 0.017717
0 0.851050 0.538017 0.053150 0.036663
0 0.375000 0.511688 0.036745 0.016978
0 0.475066 0.462844 0.037402 0.024606
0 0.415354 0.521900 0.034777 0.025591