0 0.336737 0.405840 0.032726 0.038714
0 0.395177 0.424541 0.031988 0.039370
0 0.459277 0.469980 0.034203 0.041667
0 0.392840 0.522638 0.018947 0.038058
0 0.526206 0.496063 0.028789 0.029528
0 0.564961 0.470308 0.033957 0.037730
0 0.563976 0.432907 0.024606 0.032480
0 0.599040 0.420604 0.033219 0.034777
0 0.627092 0.419291 0.022392 0.036745
0 0.656496 0.446030 0.026083 0.031824
0 0.664739 0.473753 0.026329 0.022310
0 0.690330 0.437336 0.024360 0.041995
0 0.712229 0.472113 0.024852 0.035433
0 0.727239 0.392717 0.030266 0.037402
0 0.802165 0.667979 0.031004 0.041339
0 0.829355 0.802165 0.045030 0.053150
0 0.696850 0.679462 0.031988 0.045276
0 0.696235 0.833497 0.036171 0.044291
0 0.646654 0.756234 0.039370 0.050525
0 0.622047 0.812172 0.032480 0.053478
0 0.588706 0.828904 0.031250 0.052822
0 0.506644 0.692421 0.031496 0.054134
0 0.444390 0.763451 0.030020 0.062992
0 0.488927 0.856135 0.032480 0.057415
0 0.358514 0.718176 0.026575 0.043307
0 0.330586 0.789534 0.039124 0.047572
0 0.289862 0.779528 0.021161 0.047900
0 0.252707 0.823163 0.033465 0.055118
0 0.210630 0.850722 0.037402 0.038714
0 0.254798 0.711942 0.030266 0.051837
0 0.323081 0.709482 0.042815 0.031824
0 0.262918 0.777559 0.029774 0.048556