0 0.6520669291338582 0.8513779527559056 0.02214566929133858 0.026246719160104987
0 0.4808489173228347 0.48201115485564305 0.01107283464566929 0.0158562992125984
0 0.4976624015748031 0.4563090551181102 0.01107283464566929 0.013671259842519708
0 0.5185777559055118 0.36936679790026244 0.01763533464566931 0.021325459317585303
0 0.4418873031496063 0.5662171916010499 0.011892224409448801 0.01804461942257218
0 0.3832431102362205 0.4420931758530184 0.018454724409448817 0.020232939632545955
0 0.35187007874015747 0.46970800524934386 0.01066190944881888 0.01421587926509184
0 0.3500246062992126 0.38659120734908137 0.015994094488188976 0.020777559055118085
0 0.6785187007874016 0.35241797900262467 0.007792814960629939 0.014763779527559055
0 0.5833735236220472 0.3589796587926509 0.006151574803149607 0.012575459317585278
0 0.6690871062992126 0.4445538057742782 0.00861220472440945 0.012030839895013147
0 0.7689468503937008 0.36526574803149603 0.013944389763779546 0.018592519685039395
0 0.741060531496063 0.3332775590551181 0.011483759842519703 0.013671259842519672
0 0.7281422244094489 0.3198818897637795 0.00861220472440945 0.013123359580052493
0 0.7841215551181102 0.2870734908136483 0.00984251968503937 0.010935039370078717
0 0.796013779527559 0.27477034120734906 0.0073818897637795275 0.012575459317585278
0 0.881316437007874 0.3956135170603674 0.00902312992125986 0.012575459317585278
0 0.8466609251968503 0.3775688976377953 0.015174704724409467 0.0158562992125984
0 0.7851451771653543 0.4833759842519685 0.009431594488188958 0.018592519685039395
0 0.8493282480314961 0.5735990813648294 0.00984251968503937 0.01531167979002627
0 0.8718823818897637 0.34804133858267716 0.01066190944881888 0.011482939632545932
0 0.8796751968503937 0.33601377952755906 0.012303149606299213 0.010390419947506585
0 0.849943405511811 0.31113188976377953 0.01107283464566929 0.008750000000000023
0 0.8470718503937008 0.24114173228346455 0.009431594488188958 0.01421587926509184
0 0.9012057086614174 0.4062762467191601 0.009431594488188958 0.012030839895013147