0 0.687131 0.590223 0.043553 0.076772
0 0.639887 0.572014 0.039616 0.075787
0 0.530635 0.564961 0.035187 0.064304
0 0.351255 0.653871 0.050935 0.098425
0 0.810778 0.451936 0.050197 0.055446
0 0.823573 0.362533 0.039862 0.080709
0 0.656496 0.470965 0.057579 0.078412
0 0.759227 0.457021 0.045522 0.060367
0 0.777559 0.378937 0.034941 0.062992
0 0.038509 0.496555 0.050935 0.039698
0 0.024237 0.428806 0.039124 0.054462
0 0.065822 0.393701 0.038140 0.034777
0 0.228469 0.460794 0.044537 0.057415
0 0.286663 0.420932 0.049213 0.058399
0 0.243848 0.298392 0.031988 0.066601
0 0.275468 0.303314 0.026821 0.052165
0 0.363558 0.323983 0.043061 0.063976
0 0.422244 0.348097 0.045276 0.060367
0 0.368848 0.461286 0.043799 0.047900
0 0.413878 0.458990 0.038386 0.050525
0 0.423720 0.530184 0.056102 0.057743
0 0.477854 0.484088 0.045768 0.052822
0 0.481545 0.533793 0.047736 0.038058
0 0.561147 0.475394 0.051427 0.062992
0 0.470719 0.343340 0.033465 0.058071
0 0.516732 0.337927 0.029528 0.049869
0 0.554257 0.355479 0.035187 0.058071
0 0.626722 0.370571 0.036909 0.062008
0 0.663632 0.371719 0.033465 0.068898
0 0.701280 0.374672 0.035433 0.049213
0 0.729208 0.321522 0.031742 0.061680