0 0.34178149606299213 0.5091863517060368 0.01624015748031496 0.02230971128608924
0 0.32947834645669294 0.568241469816273 0.01033464566929134 0.015748031496062992
0 0.3732775590551181 0.5748031496062992 0.011318897637795276 0.015748031496062992
0 0.3361220472440945 0.6026902887139107 0.011811023622047244 0.016404199475065617
0 0.5118110236220472 0.6046587926509186 0.013779527559055118 0.016404199475065617
0 0.49286417322834647 0.6335301837270341 0.014271653543307087 0.020341207349081365
0 0.5337106299212598 0.583989501312336 0.011318897637795276 0.015748031496062992
0 0.406003937007874 0.7975721784776902 0.013779527559055118 0.019028871391076115
0 0.437746062992126 0.7322834645669292 0.01033464566929134 0.013123359580052493
0 0.5605314960629921 0.8815616797900262 0.015748031496062992 0.021653543307086614
0 0.5406003937007874 0.5085301837270341 0.01328740157480315 0.014435695538057743
0 0.5701279527559056 0.48851706036745407 0.01328740157480315 0.01115485564304462
0 0.6178641732283464 0.506233595800525 0.0054133858267716535 0.012467191601049869
0 0.7251476377952756 0.510498687664042 0.01033464566929134 0.011811023622047244
0 0.7842027559055118 0.4835958005249344 0.012303149606299213 0.01706036745406824
0 0.797244094488189 0.49901574803149606 0.00984251968503937 0.017716535433070866
0 0.844488188976378 0.4524278215223097 0.010826771653543307 0.015091863517060367
0 0.8577755905511811 0.44258530183727035 0.007874015748031496 0.013779527559055118
0 0.8314468503937008 0.5370734908136483 0.01033464566929134 0.020341207349081365
0 0.9158464566929134 0.5574146981627297 0.018700787401574805 0.017716535433070866
0 0.9458661417322834 0.5301837270341208 0.012795275590551181 0.011811023622047244
0 0.9495570866141733 0.5508530183727034 0.01328740157480315 0.00853018372703412
0 0.8016732283464567 0.7726377952755905 0.012795275590551181 0.015091863517060367
0 0.9552165354330708 0.5675853018372703 0.017716535433070866 0.011811023622047244
0 0.953248031496063 0.5177165354330708 0.008858267716535433 0.009186351706036745
0 0.9197834645669292 0.45570866141732286 0.006889763779527559 0.01115485564304462
0 0.9315944881889764 0.4629265091863517 0.006889763779527559 0.00853018372703412