0 0.701772 0.681841 0.068898 0.034941
0 0.676673 0.581447 0.050197 0.038878
0 0.825623 0.306594 0.056759 0.034449
0 0.747703 0.343504 0.034777 0.019193
0 0.667487 0.312131 0.020669 0.017470
0 0.659777 0.393455 0.038714 0.029528
0 0.753281 0.414370 0.036745 0.026083
0 0.672244 0.425074 0.039370 0.019439
0 0.815945 0.468381 0.040026 0.013533
0 0.851378 0.495694 0.056430 0.034203
0 0.671916 0.548351 0.042651 0.019931
0 0.473917 0.661417 0.048885 0.029035
0 0.377953 0.667815 0.046588 0.021161
0 0.341535 0.639764 0.028871 0.022146
0 0.404364 0.631398 0.044948 0.023622
0 0.364665 0.579970 0.023950 0.024114
0 0.399114 0.583046 0.038386 0.018947
0 0.322178 0.608391 0.036745 0.018455
0 0.470801 0.542323 0.038058 0.016240
0 0.470472 0.582062 0.030840 0.016978
0 0.469160 0.606299 0.030840 0.021654
0 0.442585 0.620694 0.017060 0.017963
0 0.750820 0.447219 0.049541 0.016486
0 0.710794 0.433071 0.022638 0.019685
0 0.388615 0.506152 0.025262 0.026083
0 0.346457 0.523745 0.025591 0.020915
0 0.418143 0.486836 0.025262 0.011565
0 0.453412 0.492864 0.032808 0.015748
0 0.505577 0.441437 0.030184 0.016240
0 0.520505 0.402928 0.023950 0.012549
0 0.520177 0.487328 0.020669 0.021407
0 0.472769 0.289001 0.024934 0.015502
0 0.410105 0.373893 0.030840 0.019439
0 0.395013 0.425566 0.020997 0.015502
0 0.463255 0.424336 0.026247 0.021900
0 0.431594 0.431102 0.023950 0.016732
0 0.470965 0.470472 0.017388 0.020177
0 0.498031 0.362328 0.028871 0.015994
0 0.738681 0.319513 0.035105 0.020915
0 0.696522 0.337106 0.022966 0.015748
0 0.833990 0.580955 0.027559 0.032972
0 0.875328 0.572343 0.050525 0.037402