0 0.75 0.4176509186351706 0.00984251968503937 0.015091863517060367
0 0.7069389763779528 0.44750656167979 0.01328740157480315 0.01968503937007874
0 0.7349901574803149 0.4301181102362205 0.012303149606299213 0.015091863517060367
0 0.5329724409448819 0.47112860892388453 0.010826771653543307 0.015748031496062992
0 0.6523745078740157 0.4127034120734908 0.010457677165354331 0.010114829396325435
0 0.6187450787401575 0.40176509186351705 0.006355807086614156 0.012303149606299213
0 0.5876796259842519 0.44223097112860893 0.006151574803149607 0.0073818897637795275
0 0.5278051181102362 0.44865485564304464 0.008201279527559037 0.008202099737532808
0 0.5248326771653543 0.5889107611548556 0.0084079724409449 0.016404199475065617
0 0.5580511811023622 0.5684055118110236 0.00963828740157482 0.00984251968503937
0 0.3879601377952756 0.6049048556430446 0.00861220472440945 0.010114829396325435
0 0.3966732283464567 0.5660826771653543 0.008816437007873998 0.013943569553805775
0 0.36632627952755903 0.5703182414698162 0.006355807086614156 0.008202099737532808
0 0.4734670275590551 0.9175426509186352 0.00902312992125986 0.01421587926509184
0 0.35750984251968504 0.9210958005249343 0.005125492125984234 0.013671259842519708
0 0.3414124015748031 0.8843241469816273 0.0057406496062991945 0.017772309711286113
0 0.38765255905511814 0.5537795275590551 0.009227362204724409 0.012303149606299213
0 0.45501230314960633 0.4829658792650918 0.00984251968503937 0.012303149606299213
0 0.46085629921259846 0.5470800524934383 0.007997047244094488 0.010390419947506585
0 0.5632800196850394 0.838254593175853 0.015583169291338565 0.013123359580052493