0 0.195989 0.116306 0.047490 0.067257
0 0.284572 0.152887 0.050935 0.049213
0 0.307210 0.410597 0.055364 0.065289
0 0.162156 0.500984 0.062008 0.052493
0 0.119956 0.459974 0.053396 0.048556
0 0.155389 0.567585 0.057333 0.042651
0 0.139272 0.669783 0.053150 0.056759
0 0.203986 0.585466 0.042815 0.053478
0 0.231791 0.530676 0.061024 0.030512
0 0.085015 0.651903 0.039124 0.066273
0 0.045522 0.647802 0.040354 0.071194
0 0.323327 0.637795 0.056594 0.083990
0 0.433686 0.556102 0.044537 0.078084
0 0.506275 0.446030 0.045522 0.043635
0 0.407603 0.421424 0.029774 0.057415
0 0.599779 0.403051 0.054872 0.073163
0 0.558071 0.524606 0.042323 0.062992
0 0.727239 0.548720 0.050935 0.060696
0 0.763041 0.490322 0.053642 0.055446
0 0.680733 0.394357 0.050935 0.061024
0 0.859621 0.496719 0.041585 0.041995
0 0.891978 0.540846 0.054134 0.055446
0 0.956324 0.683235 0.065207 0.088255
0 0.641978 0.626476 0.058071 0.067913
0 0.053888 0.568077 0.043799 0.071850