0 0.8493774606299213 0.9434481627296588 0.013841043307086614 0.01107283464566929
0 0.8990526574803149 0.6438648293963255 0.010457677165354331 0.00984251968503937
0 0.814621062992126 0.6315616797900262 0.01015009842519685 0.014763779527559055
0 0.8633735236220472 0.48351377952755903 0.006766732283464567 0.006561679790026247
0 0.8681397637795275 0.38775590551181105 0.007689468503937008 0.012713254593175852
0 0.5565649606299213 0.6221292650918635 0.007074311023622047 0.013123359580052493
0 0.4953543307086614 0.6198753280839895 0.00953494094488189 0.00861220472440945
0 0.5810162401574803 0.5253444881889764 0.009227362204724409 0.00902230971128609
0 0.5710211614173228 0.5403149606299213 0.027374507874015748 0.026656824146981627
0 0.5894758858267717 0.4730544619422572 0.00953494094488189 0.012713254593175852
0 0.6125442913385827 0.44004265091863515 0.015686515748031496 0.014763779527559055
0 0.5960875984251969 0.4260990813648294 0.0073818897637795275 0.0073818897637795275
0 0.5587180118110237 0.442503280839895 0.007689468503937008 0.010662729658792652
0 0.5670226377952756 0.4480380577427821 0.005843996062992126 0.009432414698162729
0 0.5807086614173228 0.46054790026246717 0.010457677165354331 0.00902230971128609
0 0.5356496062992127 0.4654691601049869 0.00830462598425197 0.015583989501312337
0 0.5013533464566929 0.43348097112860895 0.007997047244094488 0.008202099737532808
0 0.48812746062992124 0.46075131233595795 0.011687992125984252 0.011893044619422572
0 0.48981791338582675 0.44988517060367456 0.005843996062992126 0.00902230971128609
0 0.4418380905511811 0.4246620734908136 0.00830462598425197 0.01107283464566929
0 0.3793996062992126 0.45767716535433073 0.007689468503937008 0.011482939632545932
0 0.41538631889763783 0.4463976377952756 0.011380413385826772 0.015173884514435696
0 0.452755905511811 0.44270669291338577 0.00861220472440945 0.012713254593175852
0 0.38539616141732286 0.4211778215223097 0.0073818897637795275 0.00902230971128609
0 0.4656742125984252 0.5036089238845144 0.009227362204724409 0.013943569553805775
0 0.38370570866141734 0.6190518372703412 0.008919783464566929 0.016814304461942257
0 0.44598917322834647 0.6233595800524935 0.011687992125984252 0.016404199475065617
0 0.469365157480315 0.6198720472440945 0.006766732283464567 0.014353674540682414
0 0.4546013779527559 0.4736712598425197 0.009227362204724409 0.011482939632545932
0 0.5433390748031496 0.7701771653543307 0.011380413385826772 0.012303149606299213
0 0.4296875 0.8501476377952756 0.01107283464566929 0.012303149606299213
0 0.6177731299212599 0.6975885826771654 0.007689468503937008 0.013943569553805775
0 0.646685531496063 0.4285597112860892 0.008919783464566929 0.016404199475065617