0 0.4495398622047244 0.6056955380577428 0.007883858267716527 0.01757874015748029
0 0.5356348425196851 0.6265780839895013 0.011855314960629993 0.014603018372703483
0 0.5581446850393701 0.5915255905511811 0.007659940944881916 0.016079396325459388
0 0.5973179133858267 0.6125951443569554 0.008164370078740229 0.013477690288713887
0 0.5070300196850394 0.6808267716535432 0.0069906496062991765 0.009763779527559127
0 0.3796087598425197 0.5701935695538057 0.015211614173228387 0.010997375328083984
0 0.5399975393700788 0.5390649606299213 0.007605807086614138 0.011371391076115438
0 0.6359325787401574 0.5795898950131233 0.007101377952755825 0.009507874015748038
0 0.5749483267716535 0.5651213910761155 0.007716535433070786 0.00860564304461943
0 0.6413016732283464 0.6681200787401576 0.007549212598425268 0.009996719160104922
0 0.7832923228346457 0.6970603674540682 0.00877952755905519 0.017772309711286113