0 0.677657 0.761442 0.072507 0.051919
0 0.324475 0.737574 0.043963 0.029281
0 0.292323 0.703002 0.032808 0.027559
0 0.355807 0.691560 0.048885 0.031742
0 0.430118 0.730069 0.053806 0.035925
0 0.321358 0.635950 0.027887 0.027805
0 0.357612 0.640994 0.038714 0.027067
0 0.270997 0.664247 0.043963 0.026329
0 0.324147 0.573204 0.030184 0.014026
0 0.345801 0.552165 0.032152 0.023130
0 0.431266 0.591535 0.035105 0.021654
0 0.429298 0.637057 0.036417 0.020177
0 0.431594 0.663140 0.045604 0.022146
0 0.400427 0.683932 0.031168 0.021407
0 0.471293 0.487574 0.031824 0.028789
0 0.415354 0.539862 0.033465 0.020177
0 0.378445 0.528789 0.031824 0.018701
0 0.357283 0.462968 0.020341 0.017963
0 0.395997 0.469365 0.025591 0.015010
0 0.404856 0.453617 0.024278 0.012057
0 0.451608 0.465305 0.027887 0.013780
0 0.408465 0.492495 0.031496 0.021900
0 0.637959 0.604700 0.038386 0.029774
0 0.644193 0.645792 0.042979 0.039124
0 0.821030 0.549828 0.057415 0.036663
0 0.639436 0.466289 0.041339 0.021161
0 0.624508 0.431841 0.029856 0.029035
0 0.717684 0.379306 0.035105 0.022392
0 0.635335 0.345472 0.025262 0.020177
0 0.717684 0.460138 0.028543 0.022638
0 0.685039 0.477731 0.025591 0.015994
0 0.787073 0.517963 0.037402 0.017224