0 0.426427 0.428806 0.063484 0.049213
0 0.316683 0.137467 0.048720 0.072178
0 0.214567 0.482940 0.046752 0.060367
0 0.265748 0.528051 0.052657 0.057415
0 0.197096 0.430938 0.054626 0.037073
0 0.077264 0.715551 0.056594 0.085958
0 0.128814 0.669619 0.038632 0.080709
0 0.168799 0.676345 0.036417 0.072507
0 0.231668 0.698491 0.052411 0.061024
0 0.300812 0.618766 0.047982 0.061024
0 0.334892 0.562664 0.063484 0.036745
0 0.426058 0.561516 0.046998 0.041010
0 0.556718 0.599738 0.047982 0.084646
0 0.636811 0.490157 0.049213 0.044619
0 0.703494 0.566765 0.054626 0.037073
0 0.744094 0.446358 0.061024 0.077100
0 0.836122 0.447999 0.056594 0.063976
0 0.934916 0.559875 0.059301 0.066601
0 0.528789 0.456529 0.032972 0.058071
0 0.438361 0.673392 0.059301 0.091535
0 0.888287 0.614993 0.030020 0.054790