0 0.283136 0.669168 0.035433 0.026821
0 0.303642 0.708169 0.036417 0.027067
0 0.365322 0.695866 0.050853 0.031004
0 0.408465 0.683317 0.029528 0.028543
0 0.436024 0.641486 0.033465 0.019193
0 0.327756 0.635458 0.026247 0.019931
0 0.363025 0.642101 0.039698 0.020423
0 0.340879 0.740527 0.050525 0.023868
0 0.442913 0.736220 0.045932 0.035925
0 0.438320 0.594242 0.034121 0.023130
0 0.468176 0.582554 0.019685 0.020423
0 0.352526 0.555118 0.029856 0.021161
0 0.330052 0.577756 0.032152 0.012795
0 0.384186 0.530758 0.029528 0.016732
0 0.420604 0.540477 0.030840 0.023868
0 0.362041 0.463952 0.019357 0.018455
0 0.457185 0.467151 0.023950 0.013533
0 0.473753 0.484129 0.036745 0.019439
0 0.400427 0.469488 0.026575 0.013780
0 0.375820 0.408465 0.029199 0.022638
0 0.470801 0.392963 0.031496 0.015748
0 0.489993 0.440207 0.023950 0.015256
0 0.439797 0.515994 0.018045 0.020669
0 0.438484 0.671014 0.026575 0.029035
0 0.647802 0.607406 0.036417 0.026821
0 0.657972 0.650221 0.052822 0.041093
0 0.678970 0.762549 0.053478 0.040354
0 0.821194 0.552288 0.036089 0.036663
0 0.799869 0.337968 0.062336 0.033219
0 0.723425 0.375861 0.036745 0.019439
0 0.630249 0.430364 0.030840 0.031004
0 0.645997 0.465059 0.045932 0.025098
0 0.721785 0.457062 0.024934 0.026821
0 0.696194 0.478962 0.038058 0.011565
0 0.725394 0.495694 0.049869 0.016486
0 0.639764 0.341289 0.024278 0.022638
0 0.669948 0.371186 0.020997 0.016486
0 0.686188 0.411909 0.030512 0.019193
0 0.407316 0.453371 0.027231 0.013533
0 0.413878 0.493725 0.025919 0.023868
0 0.446686 0.422982 0.030512 0.022638