0 0.4035433070866142 0.48814304461942254 0.010546259842519716 0.020154199475065564
0 0.44291338582677164 0.49751640419947507 0.011951279527559096 0.01453083989501311
0 0.4086392716535433 0.5218864829396326 0.009490649606299252 0.01453083989501311
0 0.5641879921259843 0.5279822834645669 0.011951279527558983 0.01453083989501311
0 0.5833439960629921 0.5101706036745407 0.010194389763779598 0.011715879265091876
0 0.5900246062992126 0.4426804461942257 0.01581938976377952 0.013592519685039316
0 0.6192002952755905 0.42252624671916006 0.014411909448818826 0.011715879265091876
0 0.4982775590551181 0.45064632545931754 0.0073818897637795275 0.013592519685039316
0 0.6044365157480315 0.7686548556430447 0.01581938976377952 0.014996719160104999
0 0.8165772637795276 0.4190091863517061 0.011951279527558983 0.013123359580052493
0 0.8295841535433071 0.4344783464566929 0.01124753937007875 0.017811679790026236
0 0.7599827755905513 0.4438517060367454 0.01406003937007882 0.011249999999999987
0 0.8584079724409449 0.4710334645669291 0.011951279527558983 0.01968503937007874
0 0.8738754921259843 0.39206036745406825 0.011951279527558983 0.01453083989501311
0 0.8863533464566928 0.381515748031496 0.009490649606299141 0.009373359580052547
0 0.9380265748031495 0.4921259842519685 0.014411909448818826 0.015935039370078796
0 0.9411909448818898 0.45064632545931754 0.011599409448818978 0.01453083989501311
0 0.9392568897637795 0.3526902887139108 0.011951279527558983 0.01734251968503941