0 0.422408 0.096826 0.030512 0.034203
0 0.465879 0.103223 0.040026 0.023376
0 0.481791 0.124877 0.038386 0.015994
0 0.529856 0.114296 0.033465 0.032234
0 0.310039 0.156619 0.042651 0.023376
0 0.341207 0.183932 0.029528 0.026329
0 0.245735 0.186639 0.035433 0.029281
0 0.297244 0.214813 0.039370 0.041339
0 0.275755 0.306225 0.035761 0.029281
0 0.427986 0.227239 0.020669 0.030266
0 0.486220 0.173474 0.048556 0.022146
0 0.487697 0.210999 0.041010 0.038140
0 0.471293 0.273130 0.039698 0.023130
0 0.422900 0.297982 0.051837 0.022638
0 0.415682 0.325910 0.049213 0.022392
0 0.308399 0.345349 0.036089 0.039616
0 0.500492 0.350271 0.039042 0.030266
0 0.395341 0.390133 0.047900 0.033219
0 0.278543 0.407234 0.038714 0.033465
0 0.271818 0.441068 0.042323 0.028297
0 0.201280 0.451280 0.047572 0.037894
0 0.196522 0.490650 0.040682 0.028543
0 0.237697 0.490034 0.040354 0.033711
0 0.164206 0.534203 0.052822 0.024606
0 0.084154 0.419906 0.067257 0.051427
0 0.169291 0.623278 0.047244 0.024114
0 0.127625 0.656127 0.056430 0.029281
0 0.258202 0.628076 0.043963 0.026329
0 0.263287 0.557579 0.057415 0.042815
0 0.385499 0.518332 0.040026 0.027805
0 0.371227 0.548597 0.042979 0.028297
0 0.322507 0.561885 0.040026 0.041585
0 0.367290 0.578617 0.044948 0.025837
0 0.360400 0.611220 0.053478 0.027559
0 0.357940 0.639272 0.066273 0.025591
0 0.350558 0.672121 0.041667 0.034203
0 0.323163 0.702264 0.059055 0.024606
0 0.273458 0.723179 0.034449 0.044783
0 0.341371 0.738558 0.060039 0.029774
0 0.277559 0.772023 0.047900 0.045522
0 0.356463 0.781373 0.053478 0.039124
0 0.398622 0.697096 0.051181 0.030020
0 0.465387 0.713706 0.056759 0.042569
0 0.502953 0.670645 0.043963 0.034695
0 0.565781 0.651575 0.050853 0.029035
0 0.563320 0.679872 0.038058 0.024606
0 0.427822 0.649114 0.043963 0.026575
0 0.434875 0.672367 0.048885 0.015010
0 0.459482 0.602608 0.049541 0.028051
0 0.472769 0.565084 0.022310 0.033711
0 0.513944 0.571112 0.048885 0.020177
0 0.503773 0.536171 0.053478 0.021654
0 0.382546 0.472318 0.051181 0.035187
0 0.382382 0.436393 0.052822 0.035187
0 0.456201 0.408219 0.030512 0.029528
0 0.491634 0.404897 0.029856 0.023868
0 0.499508 0.433809 0.038386 0.030020
0 0.489501 0.307948 0.040026 0.037648
0 0.607448 0.288263 0.044948 0.025837
0 0.773950 0.089567 0.040026 0.040354
0 0.624836 0.119710 0.048228 0.025344
0 0.651411 0.149360 0.039698 0.019193
0 0.800197 0.137180 0.038714 0.023868
0 0.589403 0.173844 0.037730 0.028789
0 0.544455 0.210630 0.035761 0.022146
0 0.715551 0.207431 0.028871 0.028543
0 0.755413 0.221826 0.038386 0.022884
0 0.744259 0.175197 0.035105 0.027067
0 0.718668 0.249385 0.031824 0.038140
0 0.790190 0.280881 0.034449 0.019931
0 0.744094 0.312377 0.025591 0.027805
0 0.688156 0.367864 0.030512 0.027067
0 0.616634 0.364665 0.045604 0.017717
0 0.654692 0.391240 0.027231 0.041339
0 0.894357 0.393086 0.039370 0.041585
0 0.790846 0.433686 0.048885 0.025344
0 0.571030 0.485974 0.050197 0.021654
0 0.628117 0.475025 0.042979 0.028789
0 0.677001 0.487328 0.042979 0.030758
0 0.817585 0.486467 0.055118 0.036909
0 0.881070 0.516486 0.044948 0.039862
0 0.818734 0.529035 0.052822 0.035925
0 0.871063 0.612205 0.057087 0.032972
0 0.688812 0.585015 0.049541 0.022884
0 0.749344 0.668676 0.037402 0.031742
0 0.695374 0.546752 0.031824 0.031988
0 0.771325 0.577387 0.051181 0.024852
0 0.801509 0.764026 0.058399 0.025591