0 0.331693 0.403051 0.031988 0.038386
0 0.390010 0.420932 0.031004 0.036745
0 0.387426 0.518045 0.016978 0.034777
0 0.453863 0.464895 0.031742 0.041995
0 0.520669 0.490978 0.027067 0.029199
0 0.558809 0.465551 0.032972 0.036745
0 0.591412 0.417159 0.031250 0.033136
0 0.619464 0.415846 0.022392 0.033136
0 0.649483 0.441601 0.023868 0.030184
0 0.656988 0.469324 0.023622 0.021325
0 0.683071 0.434219 0.023130 0.043635
0 0.705832 0.464075 0.019931 0.037730
0 0.717889 0.388780 0.029774 0.034777
0 0.795153 0.660925 0.035187 0.041010
0 0.690822 0.673556 0.033219 0.041995
0 0.637795 0.744915 0.034941 0.043635
0 0.613681 0.803314 0.034449 0.051509
0 0.580709 0.820702 0.031004 0.050197
0 0.482037 0.845472 0.030512 0.053150
0 0.440084 0.756398 0.029281 0.061352
0 0.500369 0.685696 0.030758 0.051837
0 0.820743 0.795276 0.046998 0.054462
0 0.324926 0.781004 0.040108 0.048228
0 0.351870 0.711450 0.026575 0.041010
0 0.317544 0.702264 0.038140 0.030512
0 0.313115 0.737369 0.024360 0.037730
0 0.249754 0.704232 0.030020 0.050853
0 0.284572 0.774114 0.018455 0.042323
0 0.260089 0.769357 0.027067 0.047900
0 0.247416 0.813320 0.030758 0.053806
0 0.205340 0.843340 0.034695 0.036417