0 0.444513 0.337762 0.063238 0.054134
0 0.547244 0.365650 0.037894 0.071850
0 0.661171 0.402887 0.059547 0.065617
0 0.770423 0.349902 0.060531 0.090879
0 0.875615 0.364337 0.054872 0.069226
0 0.730315 0.486713 0.059547 0.041667
0 0.577510 0.520177 0.051181 0.096129
0 0.457185 0.601050 0.049213 0.098425
0 0.841905 0.627297 0.057825 0.080709
0 0.926181 0.545440 0.044291 0.063320
0 0.346580 0.479167 0.066191 0.044291
0 0.318159 0.540846 0.051181 0.056759
0 0.244710 0.619751 0.069144 0.062992
0 0.268455 0.435531 0.070866 0.060696
0 0.212598 0.378117 0.048228 0.044291
0 0.089567 0.628117 0.052165 0.086942
0 0.177657 0.595144 0.034941 0.066929
0 0.138410 0.588911 0.032234 0.084646
0 0.247170 0.508202 0.054872 0.051837
0 0.443036 0.478510 0.052904 0.055446