0 0.1747047244094488 0.24257627952755906 0.010390419947506585 0.016813484251968484
0 0.19247703412073489 0.23334891732283466 0.013123359580052493 0.011483759842519703
0 0.335738188976378 0.2815378937007874 0.014215879265091876 0.011892224409448801
0 0.36608595800524935 0.3186515748031496 0.008202099737532808 0.013944389763779546
0 0.157752624671916 0.3641732283464567 0.020232939632545917 0.024606299212598427
0 0.1796259842519685 0.40620816929133857 0.013671259842519708 0.011892224409448801
0 0.2684809711286089 0.5353912401574803 0.00984251968503937 0.00861220472440945
0 0.2821522309711286 0.5645103346456694 0.012030839895013147 0.01107283464566929
0 0.3775688976377953 0.5926008858267716 0.014763779527559055 0.011483759842519703
0 0.4653313648293963 0.32500738188976375 0.01749671916010496 0.013533464566929134
0 0.5033366141732284 0.3040920275590551 0.0158562992125984 0.014352854330708643
0 0.7308070866141733 0.4019020669291338 0.013671259842519708 0.013122539370078722
0 0.6971784776902887 0.327878937007874 0.024058398950131208 0.024195374015748013
0 0.7332677165354331 0.3569955708661417 0.012030839895013147 0.011892224409448801
0 0.7461187664041995 0.44024852362204725 0.0158562992125984 0.016813484251968484
0 0.5708661417322834 0.7533636811023622 0.01421587926509184 0.011483759842519703
0 0.5785203412073491 0.7746875 0.018592519685039395 0.01066190944881888