0 0.199188 0.110072 0.048967 0.069882
0 0.288140 0.144357 0.050689 0.056430
0 0.317298 0.410761 0.066683 0.072835
0 0.510212 0.442913 0.044537 0.043307
0 0.603716 0.398294 0.054872 0.070866
0 0.560285 0.521161 0.044783 0.057415
0 0.683686 0.391240 0.050935 0.060696
0 0.768824 0.491634 0.054872 0.060039
0 0.734744 0.547900 0.054626 0.059055
0 0.437131 0.552001 0.044537 0.077100
0 0.327387 0.634350 0.054380 0.087598
0 0.234375 0.528215 0.061762 0.030840
0 0.205340 0.581857 0.043061 0.055446
0 0.163263 0.497375 0.061762 0.055118
0 0.117249 0.448655 0.042077 0.038386
0 0.100763 0.408629 0.047982 0.042323
0 0.141117 0.662402 0.056348 0.070866
0 0.087598 0.648786 0.037402 0.065289
0 0.049336 0.644521 0.040108 0.072507
0 0.647392 0.623360 0.059055 0.070210
0 0.866511 0.494751 0.036663 0.040682
0 0.887180 0.537566 0.035679 0.056102