0 0.677657 0.670891 0.062008 0.036171
0 0.344160 0.578740 0.041995 0.028543
0 0.297244 0.596580 0.027559 0.025344
0 0.307415 0.673474 0.031496 0.025098
0 0.250820 0.710015 0.041667 0.031250
0 0.271490 0.763533 0.037730 0.030512
0 0.340551 0.755536 0.059055 0.032726
0 0.307415 0.804995 0.063648 0.037156
0 0.424541 0.812254 0.061024 0.047736
0 0.686024 0.724163 0.061680 0.056102
0 0.905512 0.623155 0.070866 0.036171
0 0.437172 0.632874 0.044948 0.025591
0 0.430446 0.691437 0.039370 0.022146
0 0.424869 0.721088 0.041339 0.029281
0 0.387795 0.550689 0.030184 0.021654
0 0.425197 0.564715 0.036745 0.024606
0 0.491798 0.501230 0.045276 0.025098
0 0.474738 0.479577 0.030184 0.016240
0 0.411745 0.478839 0.031496 0.019685
0 0.674213 0.452387 0.041995 0.033219
0 0.688648 0.491142 0.053806 0.032972
0 0.781988 0.395423 0.046260 0.023622
0 0.691929 0.347687 0.028215 0.023622
0 0.781168 0.494464 0.029528 0.036663
0 0.741962 0.514272 0.044948 0.022146