0 0.435860 0.275837 0.020013 0.017224
0 0.454560 0.361097 0.022638 0.017470
0 0.360892 0.378076 0.026247 0.017963
0 0.462106 0.377953 0.025262 0.013287
0 0.479987 0.409203 0.020997 0.014764
0 0.427329 0.397023 0.022638 0.016486
0 0.347441 0.433686 0.017060 0.016486
0 0.393373 0.424459 0.025591 0.013287
0 0.391240 0.398499 0.025262 0.011073
0 0.401411 0.411417 0.028543 0.011319
0 0.384843 0.442298 0.029528 0.015994
0 0.445538 0.440453 0.027559 0.015748
0 0.465223 0.458046 0.032808 0.018455
0 0.399278 0.467766 0.029528 0.023130
0 0.367290 0.508366 0.031824 0.016240
0 0.405840 0.518701 0.035433 0.026575
0 0.332021 0.534818 0.031496 0.027805
0 0.421916 0.576526 0.036089 0.024114
0 0.454724 0.564345 0.022966 0.021900
0 0.289862 0.551427 0.021982 0.022146
0 0.313320 0.555364 0.020997 0.017224
0 0.305610 0.620571 0.031168 0.021654
0 0.342192 0.628814 0.038058 0.029281
0 0.253445 0.656250 0.042979 0.030512
0 0.342356 0.687008 0.050197 0.034941
0 0.386811 0.673967 0.032808 0.032480
0 0.420440 0.629798 0.033793 0.017470
0 0.313320 0.736836 0.054462 0.030758
0 0.423556 0.732899 0.049869 0.039124
0 0.273458 0.700787 0.032480 0.028543
0 0.685696 0.762672 0.048556 0.043061
0 0.658793 0.638780 0.058399 0.040846
0 0.648130 0.594857 0.041667 0.032234
0 0.836122 0.643455 0.024606 0.039862
0 0.880413 0.637672 0.057415 0.040600
0 0.850722 0.534818 0.066929 0.040108
0 0.646325 0.439222 0.042651 0.024114
0 0.697671 0.450910 0.039698 0.017470
0 0.630906 0.401452 0.033465 0.032234
0 0.688648 0.381152 0.032152 0.020669
0 0.729823 0.343504 0.039698 0.021654
0 0.640748 0.304626 0.024934 0.019193
0 0.672900 0.316560 0.030184 0.021407
0 0.672408 0.335876 0.027231 0.016732
0 0.696522 0.347564 0.017717 0.031250
0 0.628445 0.332185 0.018045 0.016240
0 0.625984 0.347441 0.031496 0.011319
0 0.632710 0.360359 0.025919 0.009596