0 0.374753937007874 0.4954068241469816 0.018208661417322834 0.024934383202099737
0 0.3629429133858268 0.5554461942257218 0.014271653543307087 0.022965879265091863
0 0.4074803149606299 0.5633202099737533 0.011811023622047244 0.017716535433070866
0 0.3676181102362205 0.5902230971128609 0.012795275590551181 0.017716535433070866
0 0.4719488188976378 0.5141076115485564 0.008858267716535433 0.017716535433070866
0 0.546013779527559 0.5971128608923885 0.01624015748031496 0.01706036745406824
0 0.5696358267716536 0.5803805774278216 0.011318897637795276 0.016404199475065617
0 0.53001968503937 0.6282808398950132 0.014763779527559055 0.02690288713910761
0 0.5767716535433071 0.5026246719160105 0.014763779527559055 0.01837270341207349
0 0.6899606299212598 0.6223753280839895 0.011811023622047244 0.020341207349081365
0 0.6055610236220472 0.4809711286089239 0.01033464566929134 0.013123359580052493
0 0.44266732283464566 0.791994750656168 0.014271653543307087 0.02230971128608924
0 0.5964566929133859 0.8835301837270341 0.013779527559055118 0.019028871391076115
0 0.5241141732283464 0.895997375328084 0.015748031496062992 0.021653543307086614
0 0.7694389763779528 0.5111548556430446 0.014271653543307087 0.014435695538057743
0 0.8287401574803149 0.48293963254593175 0.012795275590551181 0.02099737532808399
0 0.8427657480314961 0.49803149606299213 0.009350393700787402 0.01837270341207349
0 0.8779527559055118 0.5387139107611548 0.012795275590551181 0.01968503937007874
0 0.8900098425196851 0.4540682414698163 0.01033464566929134 0.01837270341207349
0 0.9045275590551181 0.44422572178477693 0.011811023622047244 0.015748031496062992
0 0.9598917322834646 0.41272965879265094 0.01328740157480315 0.01706036745406824
0 0.968257874015748 0.5626640419947506 0.019192913385826772 0.022965879265091863
0 0.9000984251968503 0.6778215223097113 0.011811023622047244 0.02099737532808399
0 0.8447342519685039 0.7834645669291339 0.01624015748031496 0.015748031496062992
0 0.96875 0.5177165354330708 0.0044291338582677165 0.011811023622047244