0 0.336983 0.411089 0.031250 0.039370
0 0.395054 0.428642 0.032234 0.037730
0 0.394070 0.527559 0.019439 0.038714
0 0.460138 0.474738 0.034449 0.045276
0 0.526452 0.500820 0.028789 0.033793
0 0.564222 0.473425 0.033957 0.036745
0 0.597195 0.424541 0.032972 0.037402
0 0.625615 0.423885 0.023376 0.033465
0 0.656619 0.451115 0.024360 0.031496
0 0.663632 0.479167 0.021654 0.021325
0 0.686762 0.443077 0.029035 0.038386
0 0.710876 0.471785 0.023130 0.038714
0 0.726870 0.397310 0.027559 0.032808
0 0.213091 0.852198 0.036417 0.040354
0 0.254060 0.824475 0.031250 0.054462
0 0.265502 0.779692 0.026575 0.042979
0 0.289124 0.780348 0.020669 0.049541
0 0.331324 0.791667 0.041585 0.048556
0 0.359252 0.720472 0.030020 0.041339
0 0.319267 0.744915 0.023376 0.037730
0 0.322589 0.710958 0.038878 0.029528
0 0.254429 0.713911 0.029528 0.053150
0 0.445497 0.766568 0.030758 0.062664
0 0.489173 0.858268 0.033957 0.055118
0 0.506275 0.696030 0.029281 0.054134
0 0.588337 0.832021 0.030512 0.053806
0 0.621186 0.812664 0.033219 0.049869
0 0.645546 0.756726 0.033219 0.044948
0 0.697589 0.682087 0.033957 0.043963
0 0.803396 0.671260 0.034449 0.043307
0 0.829478 0.804790 0.042323 0.053150