0 0.606791 0.330832 0.025919 0.013041
0 0.502461 0.415846 0.028543 0.022146
0 0.468176 0.432087 0.019685 0.017717
0 0.582677 0.442790 0.036745 0.018947
0 0.578904 0.479208 0.031168 0.019439
0 0.509843 0.527682 0.041339 0.030758
0 0.480315 0.483145 0.024934 0.017470
0 0.433563 0.513656 0.042323 0.017470
0 0.455217 0.541339 0.029199 0.023130
0 0.487041 0.566560 0.044948 0.019931
0 0.808399 0.559178 0.046588 0.030758
0 0.791667 0.465551 0.056430 0.030512
0 0.782644 0.433194 0.050197 0.026821
0 0.797408 0.304134 0.045604 0.023622
0 0.785105 0.275221 0.037402 0.031250
0 0.878445 0.212598 0.038386 0.023130