0 0.8142224409448819 0.8159448818897638 0.018208661417322834 0.019028871391076115
0 0.6190944881889764 0.8041338582677166 0.01968503937007874 0.022965879265091863
0 0.6471456692913385 0.71751968503937 0.012795275590551181 0.019028871391076115
0 0.49950787401574803 0.6387795275590551 0.01673228346456693 0.019028871391076115
0 0.7989665354330708 0.5862860892388452 0.01328740157480315 0.021653543307086614
0 0.7920767716535433 0.42749343832021 0.015255905511811024 0.019028871391076115
0 0.8078248031496063 0.41732283464566927 0.01033464566929134 0.013123359580052493
0 0.5580708661417323 0.45177165354330706 0.014763779527559055 0.020341207349081365
0 0.6668307086614174 0.48556430446194226 0.011811023622047244 0.009186351706036745
0 0.9274114173228346 0.5810367454068242 0.019192913385826772 0.015091863517060367
0 0.28125 0.6942257217847769 0.015255905511811024 0.024934383202099737