0 0.3813976377952756 0.4404527559055118 0.02952755905511811 0.031167979002624673
0 0.36628198818897634 0.49563976377952756 0.013358759842519677 0.023904199475065658
0 0.3738410433070866 0.5291535433070865 0.01300688976377956 0.018746719160104945
0 0.41057332677165354 0.5066568241469817 0.016168799212598433 0.017811679790026236
0 0.47349655511811023 0.46001968503937013 0.009138779527559024 0.01734251968503941
0 0.5269266732283464 0.5636023622047244 0.012655019685039442 0.01921587926509192
0 0.5467864173228346 0.538996062992126 0.017928149606299133 0.017811679790026236
0 0.5673499015748031 0.5216535433070866 0.012655019685039442 0.014996719160104999
0 0.5757874015748031 0.44970800524934385 0.016872539370078668 0.01921587926509192
0 0.6039099409448819 0.4269783464566929 0.012655019685039442 0.011249999999999987
0 0.47314468503937007 0.6561679790026247 0.008437499999999992 0.012185039370078699
0 0.44291338582677164 0.7149901574803149 0.01124753937007875 0.01921587926509177
0 0.5200713582677166 0.8143503937007873 0.011599409448818978 0.022027559055118218
0 0.5916067913385826 0.8040387139107612 0.013358759842519677 0.022027559055118218
0 0.6525935039370079 0.44525590551181105 0.008085629921259762 0.012185039370078699
0 0.6822982283464567 0.5593832020997376 0.01546751968503929 0.020154199475065564
0 0.7605093503937008 0.452755905511811 0.012303149606299213 0.014061679790026288
0 0.8199163385826771 0.4281496062992126 0.013006889763779447 0.01827755905511812
0 0.8323966535433072 0.44244422572178477 0.008437499999999992 0.017811679790026236
0 0.8657898622047244 0.48251640419947506 0.01124753937007875 0.02109251968503936
0 0.6847588582677165 0.5265748031496063 0.009138779527559135 0.011715879265091876
0 0.8868823818897638 0.6144553805774278 0.010546259842519605 0.022496719160105042
0 0.8795004921259842 0.400262467191601 0.011951279527558983 0.014061679790026288
0 0.8937352362204725 0.39159120734908137 0.008085629921259762 0.011715879265091876
0 0.7893356299212598 0.5279822834645669 0.008786909448818906 0.013592519685039316
0 0.9520890748031496 0.5057185039370079 0.016520669291338663 0.018746719160104945
0 0.9812647637795275 0.4794717847769029 0.013708169291338591 0.014061679790026288
0 0.9496284448818898 0.36206364829396326 0.013006889763779447 0.01734251968503941
0 0.9896998031496063 0.5160301837270341 0.013006889763779447 0.014061679790026288
0 0.9840772637795275 0.49681430446194225 0.013006889763779447 0.014996719160104999
0 0.9556028543307087 0.4630675853018373 0.008085629921259762 0.012185039370078699
0 0.989876968503937 0.4654101049868766 0.00984251968503937 0.015935039370078796
0 0.9577116141732284 0.40331036745406823 0.008786909448818906 0.013592519685039316
0 0.8301107283464567 0.7105347769028871 0.013708169291338591 0.015935039370078646