0 0.490157 0.409326 0.034777 0.019931
0 0.305610 0.819267 0.057415 0.035679
0 0.422080 0.823204 0.055446 0.042077
0 0.263287 0.776206 0.044948 0.028789
0 0.337927 0.768578 0.058399 0.037156
0 0.388451 0.753814 0.037402 0.035679
0 0.250000 0.726624 0.048556 0.026575
0 0.306430 0.686147 0.032152 0.025837
0 0.345144 0.700295 0.040682 0.030020
0 0.426509 0.704355 0.036745 0.021900
0 0.432907 0.647023 0.039698 0.027313
0 0.465715 0.632259 0.020669 0.023868
0 0.298885 0.602854 0.022966 0.015748
0 0.316273 0.617372 0.036745 0.011811
0 0.342028 0.591289 0.037730 0.028051
0 0.382710 0.563976 0.031168 0.019193
0 0.420112 0.578371 0.035105 0.026329
0 0.486385 0.515010 0.041667 0.025591
0 0.418471 0.476501 0.027231 0.015010
0 0.507054 0.464813 0.024606 0.016732
0 0.425033 0.739788 0.030512 0.036171
0 0.671752 0.682702 0.046916 0.028789
0 0.679790 0.736959 0.063648 0.048720
0 0.894849 0.635458 0.071194 0.042077
0 0.682251 0.506398 0.048885 0.030020
0 0.738025 0.526206 0.048885 0.017963
0 0.665354 0.465920 0.037402 0.034203
0 0.773294 0.410925 0.039370 0.024114
0 0.683235 0.362574 0.030512 0.024360
0 0.665354 0.388780 0.020341 0.016732
0 0.714567 0.398130 0.026903 0.016732
0 0.673064 0.420768 0.030512 0.021161
0 0.873524 0.757751 0.027887 0.044537
0 0.922244 0.755290 0.063648 0.046998
0 0.776903 0.506398 0.022966 0.031988