0 0.42937992125984253 0.5489238845144356 0.013533464566929134 0.013533464566929134
0 0.39477608267716535 0.5288287401574803 0.005843996062992126 0.009432414698162729
0 0.3892396653543307 0.5651246719160105 0.011380413385826772 0.010662729658792652
0 0.3778592519685039 0.6247933070866142 0.008919783464566929 0.011893044619422572
0 0.3747834645669291 0.7566437007874016 0.007689468503937008 0.013943569553805775
0 0.4013902559055118 0.7388057742782153 0.01107283464566929 0.016814304461942257
0 0.4372219488188976 0.7437270341207349 0.012610728346456693 0.01763451443569554
0 0.45844488188976373 0.7427001312335958 0.011380413385826772 0.015583989501312337
0 0.4759768700787401 0.7318339895013124 0.013225885826771654 0.016814304461942257
0 0.5033538385826772 0.7248622047244094 0.00953494094488189 0.016814304461942257
0 0.46951771653543306 0.5823490813648294 0.007689468503937008 0.00984251968503937
0 0.4735162401574803 0.5700459317585301 0.007689468503937008 0.011482939632545932
0 0.4705954724409449 0.5378510498687664 0.00861220472440945 0.012713254593175852
0 0.4578297244094488 0.5210367454068241 0.008919783464566929 0.012713254593175852
0 0.48997293307086615 0.5993667979002625 0.01107283464566929 0.016814304461942257
0 0.48935777559055116 0.6336122047244095 0.00861220472440945 0.012303149606299213
0 0.5115034448818898 0.5511811023622047 0.00861220472440945 0.013943569553805775
0 0.5228838582677166 0.5210367454068241 0.005536417322834645 0.01025262467191601
0 0.5659448818897638 0.549744094488189 0.00861220472440945 0.01763451443569554
0 0.5971653543307087 0.5573326771653543 0.007074311023622047 0.00984251968503937
0 0.5893208661417323 0.5216535433070866 0.011687992125984252 0.013943569553805775
0 0.6008562992125984 0.5255479002624671 0.007689468503937008 0.011893044619422572
0 0.6170029527559056 0.5376476377952756 0.011687992125984252 0.013123359580052493
0 0.6280757874015748 0.5501541994750656 0.010457677165354331 0.013533464566929134
0 0.6094685039370079 0.7121489501312336 0.00830462598425197 0.014353674540682414
0 0.6246924212598425 0.6028543307086615 0.01107283464566929 0.013123359580052493
0 0.6303838582677166 0.49807086614173224 0.00830462598425197 0.01025262467191601
0 0.6517593503937008 0.510990813648294 0.017839566929133858 0.015583989501312337
0 0.6880536417322834 0.49520341207349083 0.012303149606299213 0.015173884514435696
0 0.7208095472440944 0.5716863517060368 0.005843996062992126 0.00902230971128609
0 0.7577189960629921 0.6223359580052494 0.013841043307086614 0.01025262467191601
0 0.6082357283464567 0.8971062992125984 0.011380413385826772 0.013533464566929134
0 0.6689837598425197 0.505249343832021 0.006766732283464567 0.011482939632545932
0 0.7789419291338583 0.5530282152230972 0.00830462598425197 0.0069717847769028875
0 0.9179699803149607 0.6824146981627297 0.015071358267716535 0.01804461942257218
0 0.9434990157480315 0.5173490813648294 0.011380413385826772 0.011893044619422572
0 0.9513410433070866 0.6126968503937008 0.006766732283464567 0.013943569553805775
0 0.929810531496063 0.42220472440944884 0.006766732283464567 0.015173884514435696
0 0.9113558070866141 0.6571916010498687 0.006766732283464567 0.00861220472440945