0 0.212762 0.197343 0.035105 0.038386
0 0.278543 0.166216 0.044619 0.031742
0 0.267388 0.227731 0.044619 0.044537
0 0.307415 0.191314 0.019029 0.028789
0 0.401739 0.238312 0.027231 0.033219
0 0.365322 0.235113 0.044291 0.028789
0 0.243766 0.319636 0.039370 0.033957
0 0.284941 0.362943 0.046260 0.035925
0 0.040026 0.439099 0.065617 0.055364
0 0.167651 0.469611 0.055118 0.039616
0 0.246391 0.424951 0.038714 0.035433
0 0.243438 0.458661 0.047900 0.032972
0 0.211778 0.506521 0.041667 0.033711
0 0.171588 0.507628 0.048556 0.046752
0 0.132382 0.555487 0.058071 0.029774
0 0.239173 0.577387 0.064304 0.044045
0 0.102526 0.677288 0.060696 0.036171
0 0.143373 0.643332 0.044619 0.023376
0 0.254429 0.743971 0.038386 0.046998
0 0.298392 0.722933 0.051509 0.026575
0 0.326772 0.691683 0.043963 0.035925
0 0.333661 0.659941 0.064304 0.025098
0 0.334974 0.632874 0.050525 0.032480
0 0.295604 0.582431 0.036089 0.040846
0 0.334154 0.594488 0.048885 0.029035
0 0.343832 0.563607 0.043963 0.034203
0 0.358432 0.536540 0.039698 0.028297
0 0.360072 0.490773 0.051509 0.034695
0 0.355971 0.456939 0.051181 0.040846
0 0.370899 0.406742 0.047572 0.033465
0 0.388615 0.337352 0.050197 0.028051
0 0.396982 0.312992 0.054462 0.022638
0 0.445374 0.286294 0.042323 0.024852
0 0.464239 0.321235 0.040026 0.036663
0 0.476542 0.369218 0.045604 0.036663
0 0.433891 0.428519 0.035105 0.037648
0 0.467848 0.419783 0.024934 0.034941
0 0.475558 0.451772 0.037730 0.033465
0 0.583661 0.302411 0.043963 0.030512
0 0.548556 0.226132 0.036089 0.030020
0 0.510171 0.223056 0.031496 0.026329
0 0.463747 0.183071 0.043635 0.029528
0 0.565289 0.179995 0.040682 0.029281
0 0.630577 0.157234 0.043307 0.025591
0 0.505413 0.119587 0.031168 0.035433
0 0.394849 0.100640 0.032480 0.034941
0 0.756562 0.093873 0.037402 0.039616
0 0.782972 0.147146 0.041010 0.030512
0 0.736549 0.233760 0.040682 0.026575
0 0.697835 0.218873 0.032152 0.033711
0 0.698491 0.267963 0.040026 0.052657
0 0.770669 0.294414 0.036745 0.021900
0 0.723425 0.328371 0.026903 0.029281
0 0.670276 0.385458 0.042651 0.029281
0 0.633038 0.409326 0.037073 0.042569
0 0.591371 0.380290 0.046260 0.021407
0 0.871719 0.411417 0.042651 0.040846
0 0.764764 0.453494 0.050525 0.027559
0 0.791010 0.506398 0.053806 0.035925
0 0.855479 0.536909 0.046260 0.038386
0 0.788550 0.545522 0.052165 0.028051
0 0.843832 0.632997 0.057087 0.033711
0 0.720965 0.688730 0.043635 0.038386
0 0.663714 0.603716 0.048556 0.028297
0 0.670276 0.567544 0.037402 0.033711
0 0.478346 0.556964 0.054462 0.024852
0 0.489337 0.592766 0.052165 0.024114
0 0.432579 0.623031 0.052165 0.023622
0 0.537073 0.671383 0.051181 0.038632
0 0.535433 0.700787 0.040026 0.030020
0 0.475394 0.689222 0.047900 0.038386
0 0.442093 0.738435 0.048885 0.043307
0 0.317257 0.763780 0.060367 0.025098
0 0.333497 0.801181 0.056102 0.035433
0 0.255577 0.792815 0.048556 0.044783
0 0.771490 0.779774 0.057415 0.037894