0 0.695046 0.769808 0.058727 0.050443
0 0.645341 0.309670 0.026247 0.023376
0 0.733268 0.350025 0.043963 0.025837
0 0.635335 0.406373 0.037073 0.035679
0 0.726706 0.323327 0.044619 0.025098
0 0.680282 0.321604 0.030512 0.019193
0 0.631070 0.336122 0.020013 0.016240
0 0.654199 0.444021 0.042651 0.025837
0 0.637795 0.362820 0.026903 0.018947
0 0.702264 0.455955 0.044291 0.019193
0 0.857776 0.541708 0.065945 0.038632
0 0.654856 0.598056 0.042651 0.027805
0 0.660269 0.644070 0.048228 0.044045
0 0.888123 0.642224 0.061024 0.042323
0 0.841371 0.649114 0.027887 0.041831
0 0.430446 0.734498 0.055774 0.038386
0 0.321686 0.738927 0.054790 0.032972
0 0.261319 0.658465 0.041010 0.028051
0 0.348425 0.689222 0.055118 0.035925
0 0.395177 0.677042 0.031824 0.030758
0 0.427329 0.665108 0.029199 0.035433
0 0.427493 0.633735 0.036745 0.019931
0 0.311680 0.624139 0.029528 0.023376
0 0.351050 0.634350 0.043963 0.028051
0 0.282480 0.703371 0.036745 0.025837
0 0.430446 0.581078 0.041339 0.023376
0 0.295276 0.556102 0.020997 0.025098
0 0.319718 0.559424 0.024606 0.017470
0 0.335958 0.536171 0.036745 0.024114
0 0.410105 0.521900 0.034121 0.024114
0 0.375000 0.511811 0.028215 0.019193
0 0.468996 0.463460 0.033793 0.028297
0 0.431923 0.497047 0.020013 0.022146
0 0.450459 0.442667 0.027559 0.013287
0 0.396490 0.429134 0.029199 0.016240
0 0.360892 0.384104 0.022310 0.016240
0 0.404528 0.468996 0.032808 0.025098