0 0.321358 0.735482 0.050853 0.030512
0 0.283793 0.701772 0.033465 0.027559
0 0.348425 0.687992 0.049213 0.031496
0 0.426345 0.727731 0.041010 0.033711
0 0.393045 0.681348 0.029528 0.022638
0 0.420932 0.659572 0.038714 0.019439
0 0.312992 0.629921 0.027559 0.019685
0 0.349573 0.637549 0.041010 0.025591
0 0.261155 0.661909 0.043307 0.024114
0 0.423885 0.590305 0.033465 0.023130
0 0.450131 0.578986 0.016404 0.021654
0 0.336122 0.551058 0.037073 0.024360
0 0.315125 0.572712 0.033136 0.011073
0 0.370243 0.527190 0.031824 0.015502
0 0.408301 0.536663 0.031824 0.023622
0 0.460630 0.484129 0.038058 0.027313
0 0.350230 0.461860 0.021325 0.018701
0 0.388123 0.467643 0.028871 0.015994
0 0.398458 0.489050 0.030512 0.022884
0 0.446030 0.463091 0.025262 0.013287
0 0.434711 0.420891 0.030184 0.022884
0 0.631398 0.343750 0.025262 0.020669
0 0.617126 0.367126 0.016404 0.013780
0 0.710138 0.379798 0.038386 0.023376
0 0.703248 0.353716 0.042323 0.017963
0 0.783136 0.340305 0.051181 0.033957
0 0.619259 0.430979 0.029856 0.028789
0 0.635663 0.465551 0.039042 0.022146
0 0.710794 0.457062 0.025919 0.027805
0 0.678314 0.476378 0.036417 0.013287
0 0.635335 0.602977 0.038386 0.025344
0 0.642552 0.642347 0.052165 0.036171
0 0.659449 0.371555 0.021654 0.015748