0 0.313976 0.132054 0.049213 0.071194
0 0.192175 0.428150 0.052657 0.032808
0 0.210384 0.472933 0.055610 0.044948
0 0.256644 0.526411 0.064469 0.058071
0 0.332800 0.563812 0.068159 0.033793
0 0.299213 0.620079 0.048720 0.059711
0 0.425566 0.562008 0.049459 0.045276
0 0.423105 0.427329 0.058809 0.046260
0 0.527436 0.458497 0.030266 0.068570
0 0.639026 0.486220 0.051673 0.053150
0 0.706324 0.567913 0.056841 0.040682
0 0.739296 0.443570 0.046998 0.078740
0 0.839936 0.444882 0.059793 0.066273
0 0.942175 0.559711 0.059547 0.068898
0 0.894193 0.616142 0.032480 0.053806
0 0.556841 0.599573 0.048720 0.085630
0 0.436516 0.677001 0.056594 0.098097
0 0.224902 0.699639 0.058563 0.062664
0 0.163263 0.681102 0.038140 0.065617
0 0.121924 0.672736 0.040108 0.079724
0 0.069513 0.719324 0.055364 0.075131