0 0.420932 0.556471 0.038714 0.029281
0 0.378445 0.572589 0.020669 0.024606
0 0.383202 0.653666 0.030184 0.031742
0 0.326772 0.682702 0.042651 0.031250
0 0.512467 0.615773 0.043963 0.022392
0 0.413222 0.726255 0.055446 0.041585
0 0.344488 0.738435 0.047244 0.032480
0 0.380413 0.781619 0.060039 0.039616
0 0.494423 0.788632 0.057743 0.049705
0 0.502789 0.673105 0.039042 0.022884
0 0.499344 0.546875 0.036745 0.029281
0 0.565617 0.483760 0.044619 0.024606
0 0.484580 0.461983 0.036089 0.020423
0 0.550197 0.463091 0.034121 0.015748
0 0.755249 0.436393 0.040026 0.035187
0 0.769849 0.476993 0.057415 0.033711
0 0.871391 0.380782 0.052493 0.027805
0 0.810367 0.367003 0.032808 0.020423
0 0.761483 0.710261 0.058399 0.050443