0 0.5280511811023622 0.49901574803149606 0.011811023622047244 0.015091863517060367
0 0.5494586614173228 0.4835958005249344 0.009350393700787402 0.011811023622047244
0 0.5127952755905512 0.5239501312335958 0.00984251968503937 0.017716535433070866
0 0.38336614173228345 0.4094488188976378 0.015748031496062992 0.014435695538057743
0 0.37278543307086615 0.46062992125984253 0.012303149606299213 0.011811023622047244
0 0.3784448818897638 0.4940944881889764 0.015748031496062992 0.01837270341207349
0 0.43848425196850394 0.656496062992126 0.012795275590551181 0.021653543307086614
0 0.5573326771653543 0.4176509186351706 0.01328740157480315 0.019028871391076115
0 0.6500984251968503 0.520997375328084 0.013779527559055118 0.01968503937007874
0 0.5664370078740157 0.7309711286089239 0.013779527559055118 0.01968503937007874
0 0.5826771653543307 0.3989501312335958 0.007874015748031496 0.013123359580052493
0 0.7244094488188977 0.42454068241469817 0.010826771653543307 0.01837270341207349
0 0.8937007874015748 0.47112860892388453 0.01673228346456693 0.02099737532808399
0 0.922244094488189 0.44717847769028873 0.00984251968503937 0.01115485564304462
0 0.8339074803149606 0.37565616797900264 0.01328740157480315 0.012467191601049869
0 0.7778051181102362 0.39960629921259844 0.014271653543307087 0.015748031496062992
0 0.7883858267716536 0.41633858267716534 0.010826771653543307 0.017716535433070866
0 0.8179133858267716 0.44881889763779526 0.008858267716535433 0.02099737532808399
0 0.8939468503937008 0.6702755905511811 0.01328740157480315 0.016404199475065617
0 0.672244094488189 0.9452099737532809 0.027559055118110236 0.03215223097112861
0 0.8976377952755905 0.3402230971128609 0.008858267716535433 0.021653543307086614