0 0.7190305118110236 0.36206364829396326 0.010194389763779598 0.01453083989501311
0 0.6460900590551181 0.456505905511811 0.011951279527558983 0.017811679790026236
0 0.5256963582677165 0.4391633858267716 0.014411909448818826 0.012185039370078699
0 0.5457332677165355 0.4251017060367454 0.008085629921259762 0.012185039370078699
0 0.5518848425196851 0.35761154855643046 0.013358759842519677 0.013123359580052493
0 0.5793036417322834 0.34003608923884515 0.010546259842519605 0.007969160104986864
0 0.5102288385826772 0.4630675853018373 0.009490649606299141 0.018746719160104945
0 0.7719340551181102 0.3393339895013123 0.011951279527558983 0.015935039370078757
0 0.7830068897637795 0.35315944881889766 0.008786909448818906 0.01265419947506567
0 0.8113041338582677 0.3873720472440945 0.010546259842519605 0.01827755905511812
0 0.77158218503937 0.5863320209973754 0.010546259842519605 0.014061679790026288
0 0.5629576771653544 0.6639009186351705 0.014411909448818826 0.016404199475065544
0 0.5040772637795276 0.673274278215223 0.00913877952755908 0.01827755905511812
0 0.914650590551181 0.385498687664042 0.009138779527559135 0.00984251968503937
0 0.8295841535433071 0.31496062992125984 0.01124753937007875 0.012185039370078773
0 0.8406569881889764 0.3055872703412073 0.0059768700787401485 0.007499999999999967
0 0.8868823818897638 0.6008628608923885 0.010546259842519605 0.013123359580052493
0 0.9650935039370079 0.7002263779527559 0.010194389763779598 0.014061679790026139
0 0.6694660433070866 0.8701246719160105 0.020740649606299205 0.02390419947506551
0 0.5264000984251969 0.7808398950131233 0.011599409448818978 0.017811679790026236
0 0.8905733267716536 0.2791043307086614 0.011599409448818978 0.011715879265091876
0 0.915880905511811 0.4019028871391076 0.013708169291338591 0.00984251968503937
0 0.8865305118110236 0.40752624671916016 0.017576279527559125 0.01453083989501311