0 0.250492 0.159285 0.045276 0.056759
0 0.155758 0.425853 0.046752 0.036745
0 0.174828 0.465059 0.046998 0.035761
0 0.350394 0.424377 0.046752 0.058727
0 0.217028 0.506398 0.056594 0.050197
0 0.116142 0.564633 0.035925 0.060367
0 0.154897 0.583333 0.037648 0.076772
0 0.202510 0.565125 0.038386 0.041010
0 0.253076 0.581693 0.038140 0.040682
0 0.281988 0.534285 0.057579 0.026575
0 0.197835 0.653215 0.058071 0.047244
0 0.111713 0.634186 0.036909 0.070210
0 0.146531 0.642881 0.031742 0.056102
0 0.371063 0.621227 0.048228 0.079724
0 0.442667 0.434875 0.027067 0.058727
0 0.533219 0.458005 0.043799 0.043963
0 0.468381 0.552986 0.041585 0.073163
0 0.582800 0.524278 0.044045 0.048556
0 0.661663 0.608924 0.045276 0.061024
0 0.694882 0.411417 0.048228 0.053806
0 0.771777 0.494423 0.049951 0.054462
0 0.732899 0.545276 0.030266 0.048556
0 0.860605 0.499344 0.038632 0.040026
0 0.889764 0.536909 0.041831 0.048228
0 0.960507 0.646654 0.063730 0.087270