0 0.39936023622047245 0.45045931758530183 0.011318897637795276 0.012467191601049869
0 0.4168307086614173 0.42913385826771655 0.013779527559055118 0.014435695538057743
0 0.4478346456692913 0.3526902887139108 0.014763779527559055 0.021653543307086614
0 0.2856791338582677 0.34744094488188976 0.019192913385826772 0.022965879265091863
0 0.2718996062992126 0.3933727034120735 0.014271653543307087 0.017716535433070866
0 0.2768208661417323 0.42322834645669294 0.021161417322834646 0.015748031496062992
0 0.30561023622047245 0.4005905511811024 0.01673228346456693 0.020341207349081365
0 0.5236220472440944 0.44553805774278216 0.011811023622047244 0.013123359580052493
0 0.6001476377952756 0.3556430446194226 0.011318897637795276 0.01706036745406824
0 0.6532972440944882 0.3303805774278215 0.01328740157480315 0.017716535433070866
0 0.6626476377952756 0.3454724409448819 0.008366141732283465 0.012467191601049869
0 0.687253937007874 0.3723753280839895 0.01033464566929134 0.025590551181102362
0 0.4330708661417323 0.6348425196850394 0.013779527559055118 0.017716535433070866
0 0.37721456692913385 0.645997375328084 0.011318897637795276 0.017716535433070866
0 0.3467027559055118 0.5249343832020997 0.011318897637795276 0.015748031496062992
0 0.687007874015748 0.48523622047244097 0.008858267716535433 0.020341207349081365
0 0.7418799212598425 0.5793963254593176 0.012303149606299213 0.01837270341207349
0 0.7593503937007874 0.3937007874015748 0.015748031496062992 0.02230971128608924
0 0.7101377952755905 0.306758530183727 0.014763779527559055 0.022965879265091863
0 0.7239173228346457 0.29691601049868765 0.008858267716535433 0.01115485564304462
0 0.7300688976377953 0.2680446194225722 0.01033464566929134 0.01115485564304462
0 0.7763287401574803 0.2687007874015748 0.009350393700787402 0.013779527559055118
0 0.7672244094488189 0.3589238845144357 0.008858267716535433 0.014435695538057743
0 0.7930610236220472 0.4153543307086614 0.01033464566929134 0.014435695538057743
0 0.7874015748031497 0.3717191601049869 0.012795275590551181 0.012467191601049869
0 0.812253937007874 0.42749343832021 0.008366141732283465 0.013779527559055118
0 0.797736220472441 0.35793963254593175 0.007874015748031496 0.00853018372703412
0 0.6395177165354331 0.7155511811023622 0.019192913385826772 0.020341207349081365
0 0.5187007874015748 0.8267716535433071 0.024606299212598427 0.030183727034120734
0 0.3941929133858268 0.7450787401574803 0.014763779527559055 0.020341207349081365
0 0.3971456692913386 0.7664041994750657 0.017716535433070866 0.01968503937007874
0 0.6274606299212598 0.5626640419947506 0.018700787401574805 0.020341207349081365
0 0.7792814960629921 0.29429133858267714 0.012303149606299213 0.01115485564304462
0 0.43503937007874016 0.41732283464566927 0.012795275590551181 0.01837270341207349