0 0.5409276574803149 0.499235564304462 0.012303149606299213 0.012030839895013147
0 0.561638779527559 0.4817355643044619 0.007792814960629939 0.016404199475065617
0 0.4195374015748031 0.4743536745406824 0.013122539370078722 0.01695209973753283
0 0.3840625 0.4699803149606299 0.01107283464566929 0.01804461942257218
0 0.3865231299212598 0.49841535433070866 0.01107283464566929 0.0158562992125984
0 0.4808489173228347 0.6088681102362205 0.006970964566929116 0.012575459317585278
0 0.45480561023622046 0.6649179790026247 0.011483759842519703 0.02187335958005252
0 0.586040846456693 0.732995406824147 0.01066190944881888 0.014763779527559055
0 0.5255487204724409 0.7483038057742782 0.014352854330708643 0.01804461942257218
0 0.5265748031496063 0.5246620734908136 0.00902312992125986 0.019137139107611525
0 0.5667642716535433 0.4114730971128609 0.012303149606299213 0.01695209973753283
0 0.6383292322834646 0.4076443569553806 0.006151574803149607 0.014763779527559055
0 0.6664197834645669 0.5134514435695539 0.011483759842519703 0.01531167979002627
0 0.7931422244094488 0.37948490813648295 0.00984251968503937 0.018592519685039395
0 0.8052411417322834 0.39479330708661414 0.009431594488188958 0.018592519685039395
0 0.8349729330708662 0.43115813648293966 0.00984251968503937 0.01695209973753283
0 0.9157652559055118 0.31167979002624674 0.01066190944881888 0.013123359580052493
0 0.8501476377952756 0.35187007874015747 0.00984251968503937 0.012575459317585278
0 0.8630659448818898 0.34312007874015743 0.009431594488188958 0.009294619422572155
0 0.9147391732283464 0.4494750656167979 0.013533464566929134 0.016404199475065617
0 0.9422170275590551 0.42432086614173226 0.011892224409448801 0.013123359580052493
0 0.9479576771653543 0.4579494750656168 0.012714074803149624 0.013671259842519708
0 0.9518528543307087 0.47298884514435696 0.008201279527559037 0.012030839895013147
0 0.8509670275590551 0.5563746719160104 0.00984251968503937 0.021325459317585303
0 0.7976550196850394 0.6446850393700787 0.012303149606299213 0.01421587926509184
0 0.9161737204724409 0.6561679790026247 0.013944389763779546 0.01421587926509184
0 0.7379847440944882 0.4092847769028871 0.00861220472440945 0.01695209973753283
0 0.6979995078740158 0.9457020997375328 0.027066929133858268 0.031167979002624673