0 0.4404527559055118 0.39534120734908135 0.012303149606299213 0.022965879265091863
0 0.42999507874015747 0.4449639107611549 0.015994094488188976 0.02214566929133858
0 0.46905757874015747 0.45193569553805774 0.009227362204724409 0.022965879265091863
0 0.43614665354330706 0.4765419947506562 0.015994094488188976 0.022965879265091863
0 0.5730191929133859 0.5114009186351706 0.014148622047244094 0.02050524934383202
0 0.5902436023622047 0.48884514435695536 0.01906988188976378 0.01804461942257218
0 0.609005905511811 0.47408136482939633 0.00984251968503937 0.01968503937007874
0 0.6385334645669292 0.45603674540682415 0.014763779527559055 0.016404199475065617
0 0.5970103346456693 0.5290354330708661 0.014148622047244094 0.021325459317585303
0 0.500123031496063 0.6385334645669292 0.015994094488188976 0.023786089238845145
0 0.6253075787401575 0.7176837270341208 0.015378937007874016 0.01968503937007874
0 0.5662524606299213 0.72998687664042 0.012918307086614173 0.026246719160104987
0 0.640994094488189 0.7693569553805775 0.00984251968503937 0.024606299212598427
0 0.5883981299212598 0.8362040682414699 0.015378937007874016 0.02050524934383202
0 0.7357283464566929 0.9346292650918635 0.027066929133858268 0.03034776902887139
0 0.6170029527559056 0.4088746719160105 0.012303149606299213 0.023786089238845145
0 0.6416092519685039 0.39041994750656167 0.00984251968503937 0.014763779527559055
0 0.7584891732283464 0.40723425196850394 0.01107283464566929 0.018864829396325458
0 0.8489173228346457 0.41420603674540685 0.00861220472440945 0.016404199475065617
0 0.835691437007874 0.400262467191601 0.007997047244094488 0.01804461942257218
0 0.8895177165354331 0.5659448818897638 0.013533464566929134 0.021325459317585303
0 0.9107406496062992 0.4658792650918635 0.021530511811023622 0.024606299212598427
0 0.9559547244094488 0.4716207349081365 0.018454724409448817 0.01804461942257218
0 0.9885580708661418 0.4851541994750656 0.014763779527559055 0.015583989501312337
0 0.9817913385826772 0.4666994750656168 0.012303149606299213 0.013123359580052493
0 0.9827140748031497 0.4511154855643045 0.010457677165354331 0.013123359580052493
0 0.9568774606299213 0.3448982939632546 0.011687992125984252 0.0172244094488189
0 0.8935162401574803 0.3777066929133858 0.009227362204724409 0.013943569553805775
0 0.8781373031496063 0.448244750656168 0.012918307086614173 0.015583989501312337
0 0.8381520669291339 0.650016404199475 0.014148622047244094 0.015583989501312337
0 0.9553395669291339 0.667240813648294 0.01107283464566929 0.02050524934383202
0 0.7135826771653543 0.5138615485564304 0.01107283464566929 0.02050524934383202
0 0.8080093503937008 0.4913057742782152 0.009227362204724409 0.01804461942257218
0 0.7852485236220472 0.42076771653543305 0.011687992125984252 0.016404199475065617
0 0.5234990157480315 0.5921916010498688 0.015994094488188976 0.01968503937007874