0 0.304810531496063 0.615977690288714 0.015378937007874016 0.016404199475065617
0 0.3248031496062992 0.583989501312336 0.0172244094488189 0.01968503937007874
0 0.35986712598425197 0.48761482939632544 0.013533464566929134 0.018864829396325458
0 0.3454109251968504 0.5643044619422573 0.009227362204724409 0.01968503937007874
0 0.3543307086614173 0.8390748031496063 0.02214566929133858 0.01804461942257218
0 0.5767101377952756 0.7279363517060368 0.01660925196850394 0.015583989501312337
0 0.632074311023622 0.6282808398950132 0.015378937007874016 0.021325459317585303
0 0.4515255905511811 0.5921916010498688 0.013533464566929134 0.022965879265091863
0 0.58716781496063 0.4523458005249344 0.014148622047244094 0.02050524934383202
0 0.5985482283464567 0.4699803149606299 0.00984251968503937 0.016404199475065617
0 0.6459153543307087 0.4170767716535433 0.012303149606299213 0.02050524934383202
0 0.6256151574803149 0.5044291338582677 0.014763779527559055 0.024606299212598427
0 0.7062007874015748 0.5167322834645669 0.0172244094488189 0.021325459317585303
0 0.5302657480314961 0.48269356955380577 0.01107283464566929 0.015583989501312337
0 0.5013533464566929 0.46875 0.012303149606299213 0.0172244094488189
0 0.7015871062992126 0.7353182414698163 0.0203001968503937 0.023786089238845145
0 0.7461860236220472 0.5405183727034121 0.014763779527559055 0.016404199475065617
0 0.7431102362204725 0.47736220472440943 0.015994094488188976 0.016404199475065617
0 0.734498031496063 0.4913057742782152 0.00984251968503937 0.013123359580052493
0 0.6582185039370079 0.4092847769028871 0.00861220472440945 0.013123359580052493
0 0.7129675196850394 0.37606627296587924 0.00984251968503937 0.02050524934383202
0 0.16855314960629922 0.5019685039370079 0.020915354330708662 0.02788713910761155
0 0.15686515748031496 0.5593832020997376 0.014763779527559055 0.022965879265091863
0 0.1596333661417323 0.5921916010498688 0.014148622047244094 0.024606299212598427