0 0.336368 0.412566 0.030020 0.037730
0 0.393209 0.428314 0.030020 0.035105
0 0.454970 0.471293 0.031496 0.041667
0 0.521038 0.500328 0.027313 0.034121
0 0.557456 0.472277 0.031742 0.035761
0 0.590797 0.425525 0.031496 0.032808
0 0.617864 0.422244 0.021654 0.033465
0 0.646654 0.448655 0.022146 0.029856
0 0.653789 0.475558 0.021654 0.020013
0 0.678888 0.443570 0.024606 0.036089
0 0.703002 0.473097 0.020669 0.031496
0 0.716043 0.398458 0.026575 0.031168
0 0.788509 0.662238 0.028297 0.039698
0 0.685901 0.674377 0.033711 0.037073
0 0.634966 0.744094 0.031742 0.043307
0 0.609375 0.799869 0.031742 0.046588
0 0.578125 0.816601 0.028789 0.048556
0 0.500369 0.686352 0.028297 0.050525
0 0.440453 0.754921 0.029528 0.057087
0 0.480807 0.842028 0.030020 0.053478
0 0.356176 0.712106 0.028297 0.041010
0 0.329601 0.779692 0.038140 0.046916
0 0.253937 0.809875 0.029528 0.049541
0 0.213829 0.835794 0.032972 0.037730