0 0.440699 0.345308 0.057579 0.056759
0 0.200295 0.330873 0.048228 0.041010
0 0.219119 0.379429 0.049459 0.044948
0 0.272146 0.438648 0.066929 0.060367
0 0.151206 0.504429 0.040108 0.071194
0 0.246432 0.625820 0.058809 0.056102
0 0.178888 0.605151 0.040846 0.060039
0 0.135212 0.604331 0.043061 0.057743
0 0.088214 0.640420 0.046014 0.086614
0 0.316314 0.536581 0.046998 0.063320
0 0.353346 0.479659 0.067913 0.038058
0 0.445497 0.480315 0.052411 0.050525
0 0.551181 0.369587 0.036909 0.064633
0 0.580340 0.380085 0.018455 0.030512
0 0.669783 0.407152 0.053642 0.054462
0 0.582923 0.523950 0.049213 0.087270
0 0.734867 0.503117 0.047490 0.060696
0 0.783588 0.356791 0.062746 0.073163
0 0.879921 0.365322 0.058071 0.065945
0 0.940207 0.549541 0.050197 0.062992
0 0.851747 0.643537 0.064222 0.058727
0 0.750738 0.713419 0.046260 0.076444
0 0.459892 0.611549 0.059547 0.088583
0 0.195497 0.523130 0.043061 0.096785
0 0.250246 0.508530 0.040354 0.048556
0 0.688607 0.350722 0.032726 0.029528