0 0.350886 0.452387 0.020013 0.018947
0 0.438812 0.735482 0.049541 0.037402
0 0.330545 0.742249 0.052165 0.026821
0 0.292487 0.707308 0.039042 0.028789
0 0.357612 0.697096 0.052493 0.031004
0 0.400755 0.682210 0.035105 0.030758
0 0.433727 0.669906 0.027559 0.037648
0 0.270177 0.666339 0.042323 0.027559
0 0.318406 0.634227 0.027887 0.029774
0 0.356135 0.640625 0.043635 0.026821
0 0.431430 0.638164 0.036745 0.020423
0 0.434875 0.588952 0.036417 0.023376
0 0.343996 0.547859 0.029856 0.025344
0 0.318898 0.571112 0.030840 0.015256
0 0.413550 0.534203 0.035105 0.023622
0 0.372703 0.521900 0.038058 0.019685
0 0.466699 0.476501 0.040354 0.027805
0 0.391896 0.460753 0.030512 0.017963
0 0.451280 0.454847 0.030512 0.013041
0 0.486385 0.429380 0.024606 0.016240
0 0.631398 0.420030 0.033136 0.031496
0 0.651247 0.456447 0.045276 0.025098
0 0.809875 0.326403 0.048885 0.036663
0 0.724902 0.366265 0.042323 0.023376
0 0.672080 0.359006 0.025919 0.018209
0 0.639108 0.328986 0.025591 0.021654
0 0.718668 0.340182 0.035761 0.021407
0 0.699475 0.467889 0.040682 0.015010
0 0.738025 0.449311 0.030512 0.030512
0 0.849573 0.545522 0.067913 0.040354
0 0.654528 0.602977 0.038714 0.029281
0 0.663058 0.646654 0.051181 0.042323
0 0.687500 0.763041 0.062664 0.042815