0 0.178396 0.278215 0.033957 0.033465
0 0.266978 0.419783 0.024606 0.029199
0 0.275468 0.442913 0.032234 0.017060
0 0.329601 0.426837 0.017963 0.031496
0 0.348425 0.459154 0.018701 0.035761
0 0.375000 0.466371 0.029035 0.035761
0 0.397638 0.449803 0.019685 0.027559
0 0.451156 0.414534 0.026821 0.025919
0 0.474409 0.462434 0.024606 0.020013
0 0.560039 0.393373 0.029035 0.026903
0 0.656865 0.399606 0.030266 0.027559
0 0.632997 0.426181 0.021900 0.034121
0 0.732406 0.406988 0.026821 0.041010
0 0.707554 0.456529 0.029774 0.036417
0 0.857160 0.435696 0.025837 0.049213
0 0.183809 0.669619 0.031496 0.034777
0 0.207800 0.640584 0.027805 0.039698
0 0.288632 0.631234 0.029528 0.032808
0 0.316068 0.699147 0.042077 0.047900
0 0.338583 0.666667 0.036909 0.026247
0 0.220349 0.792979 0.042077 0.032808
0 0.386442 0.767224 0.038632 0.050197
0 0.250000 0.731791 0.035433 0.031168
0 0.393578 0.635007 0.022392 0.040354
0 0.416708 0.666667 0.021900 0.042651
0 0.440822 0.677001 0.022884 0.045604
0 0.438976 0.751640 0.044291 0.049869
0 0.509227 0.681102 0.030266 0.055118
0 0.559055 0.695702 0.041339 0.038386
0 0.597318 0.699803 0.031742 0.045932
0 0.645546 0.694226 0.026821 0.043963
0 0.675689 0.707513 0.032972 0.036417
0 0.734621 0.648294 0.023376 0.037402
0 0.510335 0.774442 0.035925 0.047572
0 0.548105 0.771161 0.035187 0.046916
0 0.686024 0.789042 0.048228 0.049869
0 0.744094 0.722605 0.033465 0.045604
0 0.776575 0.717192 0.029035 0.043963
0 0.840059 0.747539 0.031988 0.065289
0 0.844734 0.640420 0.042323 0.033465
0 0.788017 0.672080 0.021900 0.041667
0 0.883858 0.727198 0.037894 0.051509
0 0.924459 0.711450 0.038386 0.064633
0 0.927288 0.777395 0.048474 0.037073
0 0.532972 0.643209 0.029528 0.028543