0 0.265256 0.217889 0.033136 0.036171
0 0.331857 0.183686 0.044948 0.023376
0 0.364337 0.213829 0.028543 0.029035
0 0.320046 0.254429 0.058727 0.044783
0 0.449475 0.125369 0.034777 0.033711
0 0.496063 0.133735 0.045276 0.021900
0 0.510991 0.155881 0.040354 0.016978
0 0.557907 0.148130 0.037730 0.035925
0 0.513615 0.208415 0.045604 0.029528
0 0.512467 0.250984 0.040026 0.034941
0 0.493110 0.311393 0.040682 0.021407
0 0.448491 0.341043 0.041339 0.019685
0 0.293963 0.345103 0.044619 0.033219
0 0.337762 0.386934 0.054790 0.033711
0 0.434055 0.367372 0.051181 0.023622
0 0.511155 0.350763 0.036089 0.038140
0 0.215059 0.492618 0.057415 0.038878
0 0.288550 0.481545 0.047572 0.027559
0 0.295768 0.447835 0.039042 0.034941
0 0.262139 0.533095 0.037402 0.035679
0 0.217028 0.533219 0.048228 0.032480
0 0.183399 0.575172 0.049869 0.032234
0 0.400098 0.519193 0.053478 0.030020
0 0.400098 0.482283 0.048228 0.040354
0 0.402887 0.565576 0.039370 0.030758
0 0.280840 0.599656 0.058399 0.039370
0 0.517717 0.585384 0.051837 0.024114
0 0.524442 0.620325 0.053478 0.022638
0 0.591535 0.536909 0.055118 0.027559
0 0.704560 0.417569 0.033793 0.032972
0 0.824639 0.543307 0.054790 0.036909
0 0.804134 0.488558 0.051837 0.022884
0 0.906496 0.454478 0.043307 0.043307
0 0.886319 0.575541 0.044948 0.036909
0 0.867126 0.671875 0.060367 0.029281
0 0.798885 0.814715 0.063648 0.037402
0 0.368274 0.825049 0.059383 0.035925
0 0.289698 0.813238 0.045276 0.044783
0 0.352854 0.785802 0.058071 0.033219
0 0.290682 0.764764 0.043307 0.046752
0 0.337927 0.749385 0.049869 0.026821
0 0.408957 0.746063 0.056102 0.024114
0 0.373196 0.657480 0.050197 0.029528
0 0.370407 0.685285 0.061024 0.023130
0 0.469980 0.650468 0.050853 0.020915
0 0.377461 0.621432 0.049541 0.029774
0 0.415354 0.435408 0.049869 0.031250
0 0.519521 0.397269 0.044291 0.033711
0 0.764108 0.363312 0.025591 0.029281
0 0.781496 0.270300 0.043307 0.023376
0 0.626640 0.334277 0.040682 0.028297
0 0.813320 0.330832 0.035433 0.021407
0 0.807087 0.129552 0.037402 0.039616
0 0.682743 0.189345 0.042651 0.023376
0 0.658301 0.156865 0.035761 0.026329
0 0.635827 0.412648 0.043307 0.017717
0 0.670932 0.442667 0.031496 0.038878
0 0.824803 0.583661 0.053806 0.031004
0 0.709154 0.600886 0.031824 0.031496
0 0.697014 0.639518 0.050197 0.024606
0 0.751476 0.723425 0.046260 0.035925
0 0.569062 0.703617 0.047572 0.029774
0 0.510827 0.725394 0.047900 0.025591
0 0.475066 0.766240 0.046588 0.040354