0 0.378117 0.379552 0.025919 0.019439
0 0.475230 0.363681 0.020669 0.016240
0 0.482119 0.379675 0.021982 0.013780
0 0.502789 0.412279 0.023950 0.014026
0 0.463583 0.391855 0.011811 0.015994
0 0.412402 0.428027 0.026903 0.012549
0 0.365650 0.436147 0.018701 0.016486
0 0.413222 0.400098 0.025262 0.011811
0 0.467848 0.441068 0.026903 0.014518
0 0.486877 0.460261 0.035433 0.023376
0 0.420440 0.469488 0.027887 0.023130
0 0.389108 0.508243 0.030184 0.020423
0 0.351870 0.535925 0.035761 0.026083
0 0.426673 0.521038 0.034449 0.025837
0 0.477362 0.566314 0.027559 0.021407
0 0.443898 0.580340 0.034777 0.021900
0 0.326280 0.623893 0.027887 0.024852
0 0.365650 0.632505 0.048228 0.026329
0 0.443077 0.632259 0.037073 0.016978
0 0.445210 0.658588 0.045932 0.021900
0 0.412730 0.679503 0.034777 0.022392
0 0.364337 0.689222 0.053478 0.035433
0 0.337106 0.740281 0.058071 0.031250
0 0.449147 0.737328 0.056430 0.045522
0 0.295440 0.702756 0.035105 0.028543
0 0.276247 0.659695 0.041339 0.023622
0 0.676509 0.599286 0.043307 0.029281
0 0.686844 0.644193 0.054790 0.043799
0 0.915682 0.642717 0.061024 0.044783
0 0.875328 0.543061 0.049213 0.031988
0 0.719324 0.487820 0.030512 0.027313
0 0.673064 0.442175 0.047572 0.025591
0 0.763780 0.434547 0.042651 0.030512
0 0.721129 0.456201 0.038058 0.017717
0 0.655348 0.404651 0.034449 0.033219
0 0.755249 0.346211 0.040682 0.022146
0 0.698163 0.339690 0.024934 0.016486
0 0.664534 0.308932 0.026575 0.023376
0 0.700295 0.318529 0.031168 0.021900
0 0.748524 0.320620 0.041667 0.019193
0 0.650919 0.335138 0.022310 0.014764
0 0.714567 0.383735 0.030184 0.022392