0 0.247785 0.171916 0.044291 0.060367
0 0.156619 0.432415 0.039616 0.027559
0 0.172367 0.472605 0.039124 0.035105
0 0.349286 0.436352 0.046998 0.062336
0 0.214444 0.517552 0.057333 0.050197
0 0.279651 0.543307 0.054380 0.030184
0 0.252953 0.593504 0.041339 0.051181
0 0.072343 0.684383 0.047736 0.072178
0 0.114296 0.646161 0.030266 0.067913
0 0.145915 0.651411 0.031004 0.052822
0 0.112574 0.573983 0.035187 0.063976
0 0.370817 0.632710 0.048720 0.086286
0 0.150960 0.589239 0.041585 0.067585
0 0.203986 0.575131 0.043307 0.037402
0 0.197096 0.660597 0.054134 0.059383
0 0.444390 0.443077 0.023130 0.047572
0 0.531127 0.466699 0.046014 0.042323
0 0.618848 0.424869 0.050689 0.066273
0 0.693652 0.421260 0.047244 0.055774
0 0.771531 0.508202 0.050443 0.057743
0 0.739911 0.556430 0.048228 0.049869
0 0.578740 0.535105 0.045768 0.051837
0 0.666216 0.620571 0.053888 0.064633
0 0.957923 0.654692 0.060039 0.084974
0 0.890625 0.545932 0.048474 0.050525
0 0.863066 0.508694 0.032726 0.043635