0 0.7480831692913386 0.6233891076115485 0.018147145669291338 0.01830708661417329
0 0.6422268700787402 0.6341929133858267 0.011481299212598389 0.021322178477690218
0 0.514630905511811 0.7474573490813649 0.011380413385826772 0.014917979002624756
0 0.48777066929133855 0.818766404199475 0.011791338582677183 0.018641732283464472
0 0.6515034448818898 0.8204068241469816 0.014456200787401575 0.020833333333333332
0 0.6368430118110237 0.5085990813648295 0.013019192913385791 0.014015748031495997
0 0.6496087598425198 0.498753280839895 0.004921259842519685 0.01182086614173235
0 0.7683316929133859 0.6754855643044619 0.009431594488188958 0.015324803149606311
0 0.38821604330708664 0.6937237532808398 0.011995570866141732 0.01790354330708652
0 0.44291338582677164 0.535741469816273 0.008201279527559037 0.01252624671916005
0 0.5334965551181102 0.5587139107611548 0.010558562992125948 0.010351049868766464
0 0.6083907480314961 0.6471817585301837 0.009431594488188958 0.011213910761154801