0 0.6040846456692913 0.5137795275590551 0.009350393700787402 0.012467191601049869
0 0.5729576771653543 0.5278871391076115 0.01156496062992126 0.012467191601049869
0 0.5553641732283464 0.5162401574803149 0.006889763779527559 0.008202099737532808
0 0.5209153543307087 0.5360892388451444 0.006889763779527559 0.011811023622047244
0 0.5291584645669292 0.541010498687664 0.007135826771653544 0.009186351706036745
0 0.5437992125984252 0.5518372703412073 0.012303149606299213 0.00984251968503937
0 0.5516732283464567 0.5643044619422573 0.008366141732283465 0.012467191601049869
0 0.5258366141732284 0.5703740157480315 0.008858267716535433 0.006889763779527559
0 0.499876968503937 0.5636482939632546 0.007627952755905512 0.013779527559055118
0 0.4634596456692913 0.5333005249343832 0.005659448818897638 0.007545931758530184
0 0.45361712598425197 0.5610236220472441 0.005659448818897638 0.00853018372703412
0 0.45533956692913385 0.5516732283464567 0.007135826771653544 0.009514435695538058
0 0.40625 0.53248031496063 0.008858267716535433 0.012467191601049869
0 0.41781496062992124 0.5475721784776902 0.007874015748031496 0.007217847769028871
0 0.38250492125984253 0.5570866141732284 0.007627952755905512 0.010498687664041995
0 0.43294783464566927 0.6072834645669292 0.01156496062992126 0.013123359580052493
0 0.4345472440944882 0.6404199475065617 0.0073818897637795275 0.00984251968503937
0 0.44463582677165353 0.7267060367454068 0.0054133858267716535 0.016404199475065617
0 0.4720718503937008 0.7230971128608924 0.010580708661417323 0.00984251968503937
0 0.53001968503937 0.7160433070866141 0.0073818897637795275 0.014763779527559055
0 0.40723425196850394 0.7403215223097113 0.0073818897637795275 0.013451443569553806
0 0.390255905511811 0.7424540682414699 0.00984251968503937 0.014435695538057743
0 0.421628937007874 0.7326115485564304 0.013041338582677165 0.014435695538057743
0 0.5947342519685039 0.7855971128608924 0.008366141732283465 0.011482939632545932
0 0.5269438976377953 0.8684383202099738 0.010580708661417323 0.013123359580052493
0 0.45066437007874016 0.6842191601049868 0.006643700787401575 0.010826771653543307
0 0.48068405511811024 0.6991469816272966 0.00812007874015748 0.00853018372703412
0 0.41732283464566927 0.5910433070866141 0.0044291338582677165 0.006233595800524934