0 0.714731 0.770546 0.056759 0.044045
0 0.375000 0.463091 0.020341 0.015256
0 0.389108 0.408342 0.030840 0.021407
0 0.472113 0.468381 0.027559 0.014026
0 0.491142 0.487205 0.036089 0.019193
0 0.455709 0.517717 0.015748 0.022146
0 0.437008 0.542323 0.032152 0.023130
0 0.365322 0.556102 0.035761 0.028051
0 0.343504 0.578494 0.032808 0.014272
0 0.455052 0.598056 0.036089 0.022884
0 0.486056 0.584277 0.023294 0.022392
0 0.342848 0.638656 0.029528 0.024852
0 0.379101 0.645177 0.040354 0.025591
0 0.295112 0.671875 0.038386 0.025837
0 0.314797 0.712721 0.035105 0.029774
0 0.381726 0.700295 0.054134 0.033465
0 0.426181 0.686639 0.030840 0.033219
0 0.461778 0.741388 0.052165 0.037894
0 0.454888 0.644562 0.037073 0.022392
0 0.355643 0.746924 0.052493 0.028297
0 0.507546 0.441068 0.024278 0.013533
0 0.399606 0.531865 0.030184 0.017470
0 0.425361 0.493356 0.039698 0.019685
0 0.414370 0.470595 0.028215 0.014026
0 0.421424 0.454478 0.027231 0.013287
0 0.658957 0.343012 0.026575 0.024114
0 0.745079 0.380167 0.040026 0.024114
0 0.833333 0.342520 0.054462 0.034449
0 0.653215 0.432579 0.032808 0.029035
0 0.668307 0.467766 0.045276 0.023130
0 0.865486 0.554011 0.057087 0.037648
0 0.675853 0.611959 0.041339 0.031988
0 0.687336 0.654774 0.055774 0.039862
0 0.898458 0.649237 0.058727 0.041585
0 0.692257 0.371924 0.025591 0.015502