0 0.40497785433070865 0.7094816272965879 0.010253444881889782 0.01804461942257218
0 0.6606791338582677 0.651246719160105 0.00984251968503937 0.016404199475065617
0 0.6268454724409449 0.6640977690288714 0.006151574803149607 0.007109580052493463
0 0.532111220472441 0.7636154855643045 0.011892224409448801 0.014763779527559055
0 0.5052485236220472 0.8379822834645669 0.018043799212598407 0.01804461942257218
0 0.6746235236220472 0.8412631233595801 0.013122539370078722 0.011482939632545932
0 0.6690871062992126 0.5145439632545932 0.006970964566929116 0.010935039370078717
0 0.6571924212598425 0.5252066929133858 0.00861220472440945 0.011482939632545932
0 0.6791338582677166 0.531768372703412 0.01066190944881888 0.009294619422572155
0 0.4595226377952756 0.5487204724409449 0.006970964566929116 0.013671259842519708
0 0.7732529527559056 0.6433169291338583 0.01763533464566931 0.013671259842519708