0 0.433235 0.741142 0.054134 0.044291
0 0.322671 0.745448 0.055446 0.028789
0 0.280184 0.709031 0.040026 0.031250
0 0.348589 0.696235 0.057415 0.036663
0 0.261811 0.663140 0.038058 0.027559
0 0.311680 0.629429 0.032152 0.027559
0 0.351542 0.636565 0.041010 0.029528
0 0.396982 0.680487 0.032808 0.034203
0 0.428806 0.635458 0.036089 0.020423
0 0.431430 0.583907 0.036089 0.025098
0 0.465387 0.569144 0.028543 0.023622
0 0.295604 0.556594 0.020341 0.024606
0 0.319390 0.560655 0.023294 0.018455
0 0.337927 0.537156 0.034777 0.023622
0 0.412073 0.522392 0.029528 0.024606
0 0.374344 0.511688 0.031496 0.019931
0 0.474081 0.461737 0.031496 0.026821
0 0.487369 0.413017 0.024606 0.016486
0 0.450623 0.442913 0.027231 0.010827
0 0.390748 0.445989 0.030840 0.017963
0 0.402887 0.469488 0.030840 0.022146
0 0.467028 0.363804 0.031824 0.020423
0 0.649606 0.307825 0.030184 0.023130
0 0.638780 0.404774 0.032808 0.032972
0 0.658136 0.442913 0.041995 0.027067
0 0.747539 0.435408 0.041667 0.030266
0 0.703412 0.456201 0.040026 0.017717
0 0.744587 0.471949 0.037073 0.023130
0 0.864829 0.542815 0.060367 0.042323
0 0.657808 0.600271 0.043963 0.032726
0 0.665846 0.647023 0.045604 0.044537
0 0.699311 0.774360 0.049541 0.047244
0 0.739665 0.346457 0.041667 0.023622
0 0.682251 0.338091 0.024606 0.015748
0 0.704232 0.349779 0.016732 0.027805
0 0.700295 0.382874 0.028543 0.018209
0 0.734744 0.317667 0.040354 0.021654