0 0.346334 0.376148 0.031250 0.039042
0 0.404405 0.392552 0.032234 0.034449
0 0.469980 0.437500 0.033957 0.043635
0 0.537525 0.462270 0.031250 0.028215
0 0.576895 0.444718 0.034695 0.032480
0 0.611713 0.397802 0.031988 0.035105
0 0.641486 0.400755 0.020177 0.033793
0 0.670153 0.422080 0.022392 0.030512
0 0.681841 0.450131 0.029035 0.023622
0 0.707431 0.416831 0.022146 0.038386
0 0.729946 0.450131 0.020915 0.033465
0 0.743971 0.377789 0.026329 0.035105
0 0.827264 0.640092 0.031496 0.041339
0 0.863927 0.759843 0.039862 0.049869
0 0.716166 0.647966 0.033711 0.038058
0 0.659449 0.712598 0.032972 0.041995
0 0.599409 0.625164 0.030512 0.042323
0 0.513164 0.649114 0.031742 0.051509
0 0.635335 0.758694 0.033957 0.042979
0 0.599779 0.769357 0.031742 0.038058
0 0.448204 0.712270 0.031250 0.059711
0 0.370817 0.635007 0.036417 0.028543
0 0.355069 0.671424 0.028051 0.038386
0 0.326403 0.731299 0.038632 0.048556
0 0.236836 0.758038 0.037156 0.050197
0 0.189838 0.780020 0.039616 0.038386
0 0.279774 0.722933 0.019685 0.044291
0 0.429011 0.624344 0.029281 0.031496