0 0.4727485236220472 0.3867290026246719 0.017839566929133858 0.025426509186351705
0 0.5022760826771654 0.44578412073490814 0.012918307086614173 0.018864829396325458
0 0.6126968503937008 0.5072998687664042 0.012303149606299213 0.023786089238845145
0 0.6413016732283464 0.5294455380577427 0.017839566929133858 0.028707349081364828
0 0.6576033464566929 0.3998523622047244 0.0172244094488189 0.018864829396325458
0 0.8849040354330708 0.38508858267716534 0.014148622047244094 0.023786089238845145
0 0.89720718503937 0.4019028871391076 0.009227362204724409 0.016404199475065617
0 0.9295029527559056 0.43676181102362205 0.01107283464566929 0.025426509186351705
0 0.9424212598425197 0.3617125984251969 0.013533464566929134 0.01968503937007874
0 0.9599532480314961 0.4552165354330709 0.025221456692913386 0.022965879265091863
0 0.6769808070866141 0.7250656167979003 0.015378937007874016 0.02788713910761155
0 0.46875 0.4703904199475066 0.015994094488188976 0.0172244094488189
0 0.46229084645669294 0.4375820209973753 0.014148622047244094 0.013943569553805775
0 0.8070866141732284 0.9514435695538058 0.024606299212598427 0.031167979002624673