0 0.5370324803149606 0.5164599737532809 0.015994094488188976 0.0158562992125984
0 0.5587672244094488 0.496499343832021 0.009431594488188958 0.01749671916010496
0 0.5187819881889764 0.5418864829396326 0.00902312992125986 0.02187335958005252
0 0.5895250984251968 0.4738090551181103 0.009431594488188958 0.013671259842519708
0 0.5686097440944882 0.42924212598425193 0.012714074803149624 0.022965879265091863
0 0.5971136811023622 0.4046358267716535 0.011483759842519703 0.016404199475065617
0 0.6750319881889764 0.5380577427821522 0.013122539370078722 0.016404199475065617
0 0.8146727362204724 0.40491141732283464 0.01107283464566929 0.01804461942257218
0 0.8275910433070865 0.41967519685039373 0.00984251968503937 0.01695209973753283
0 0.8774187992125984 0.3792093175853018 0.009431594488188958 0.013671259842519708
0 0.8610162401574804 0.45958989501312336 0.011892224409448801 0.022417979002624648
0 0.8815206692913385 0.5924639107611548 0.011892224409448801 0.021325459317585303
0 0.8224655511811023 0.6900688976377952 0.014352854330708643 0.01749671916010496
0 0.7554133858267716 0.42924212598425193 0.012303149606299213 0.018592519685039395
0 0.9461122047244095 0.34120734908136485 0.011483759842519703 0.016404199475065617
0 0.9491879921259843 0.484744094488189 0.01763533464566931 0.022417979002624648
0 0.9785113188976378 0.45658464566929136 0.012303149606299213 0.01531167979002627
0 0.9869168307086614 0.4943143044619423 0.015994094488188976 0.012030839895013147
0 0.9819955708661418 0.4765419947506562 0.015174704724409467 0.011482939632545932
0 0.890748031496063 0.36882217847769033 0.011483759842519703 0.012575459317585278