0 0.5638804133858268 0.8116338582677166 0.009931102362204644 0.014429133858267574
0 0.8632431102362205 0.7334186351706037 0.009665354330708599 0.01266076115485569
0 0.8456225393700788 0.7068110236220473 0.005359251968503874 0.011945538057742735
0 0.8607824803149606 0.6251377952755905 0.01107283464566929 0.013572834645669255
0 0.6907357283464567 0.5481069553805774 0.004921259842519685 0.014179790026246654
0 0.81908218503937 0.4669455380577428 0.0057111220472441035 0.011210629921259867
0 0.5892347440944882 0.5228510498687664 0.012829724409448899 0.018973097112860868
0 0.5549606299212598 0.5358005249343831 0.014589074803149598 0.017690288713910787
0 0.5366387795275591 0.522732939632546 0.008171751968503945 0.012175196850393743
0 0.5303100393700787 0.5715485564304462 0.010282972440944872 0.0188779527559055
0 0.5195029527559055 0.558477690288714 0.009052657480314951 0.013362860892388457
0 0.8102509842519685 0.6643996062992126 0.008435039370078678 0.017109580052493467
0 0.7700910433070867 0.7263418635170603 0.013181594488188906 0.016318897637795204