0 0.7408267716535433 0.5800721784776903 0.0172244094488189 0.01155839895013124
0 0.7621382874015747 0.6341601049868767 0.010632381889763788 0.01474737532808393
0 0.7478125 0.46559711286089245 0.009402066929133868 0.013198818897637802
0 0.6349311023622047 0.4528215223097113 0.009315944881889682 0.012959317585301838
0 0.6219266732283465 0.4629002624671916 0.010720964566929062 0.01624671916010498
0 0.6450369094488189 0.4718667979002625 0.011951279527558983 0.008868110236220538
0 0.6277263779527559 0.5907086614173228 0.009665354330708599 0.019708005249343886
0 0.5909030511811023 0.6037171916010499 0.007733759842519757 0.010101706036745395
0 0.6387992125984252 0.7805905511811023 0.01564222440944875 0.016079396325459388
0 0.4172982283464567 0.4929265091863517 0.010632381889763788 0.015370734908136454
0 0.3581988188976378 0.6535531496062992 0.015467519685039401 0.018845144356955397
0 0.49177657480314957 0.7061745406824147 0.011951279527559096 0.014419291338582618
0 0.46325787401574803 0.7808333333333334 0.018892716535433122 0.02218832020997379