0 0.6653813976377954 0.5042979002624671 0.01080954724409456 0.010134514435695496
0 0.6769365157480315 0.4935728346456693 0.007908464566929214 0.009307742782152194
0 0.6875935039370079 0.5123228346456693 0.009886811023622119 0.0069717847769028875
0 0.669621062992126 0.6320177165354331 0.009798228346456621 0.017171916010498736
0 0.7815132874015749 0.6254527559055119 0.014938484251968512 0.011541994750656114
0 0.8020349409448818 0.6803182414698163 0.008171751968503945 0.010193569553805678
0 0.5406791338582677 0.7508431758530184 0.009227362204724409 0.01438320209973758
0 0.5144931102362205 0.8256200787401574 0.012391732283464487 0.01488845144356959
0 0.4655880905511811 0.5310958005249343 0.009138779527559024 0.012178477690288679
0 0.5596850393700787 0.5540977690288714 0.010324803149606309 0.006624015748031514
0 0.6832209645669292 0.8277854330708662 0.013093011811023632 0.012191601049868718