0 0.373031 0.738558 0.051181 0.031250
0 0.338911 0.703740 0.040682 0.029035
0 0.397638 0.690822 0.052493 0.033219
0 0.480151 0.730684 0.048228 0.037156
0 0.441765 0.679749 0.028543 0.028789
0 0.470965 0.670768 0.024606 0.033465
0 0.468832 0.638287 0.035433 0.020669
0 0.396982 0.640871 0.041339 0.023376
0 0.360400 0.632628 0.026575 0.023130
0 0.336450 0.570251 0.020013 0.023376
0 0.362697 0.574434 0.023950 0.015994
0 0.378937 0.552165 0.032808 0.026083
0 0.469652 0.594242 0.037073 0.023130
0 0.449311 0.539985 0.031168 0.023868
0 0.412566 0.529405 0.029856 0.019931
0 0.503445 0.486713 0.035105 0.025591
0 0.520013 0.441806 0.025591 0.015994
0 0.428150 0.471457 0.028871 0.014272
0 0.432907 0.494956 0.044948 0.023868
0 0.387139 0.463952 0.022310 0.016486
0 0.665354 0.346949 0.026247 0.019685
0 0.751969 0.382382 0.032808 0.023622
0 0.660105 0.434670 0.033465 0.028297
0 0.672244 0.467889 0.038714 0.027805
0 0.727362 0.478716 0.036745 0.016978
0 0.682087 0.607776 0.039370 0.024114
0 0.694390 0.647269 0.052822 0.039616
0 0.859416 0.553396 0.041667 0.039862
0 0.855971 0.649606 0.026247 0.038386
0 0.898130 0.643086 0.053478 0.038632
0 0.828904 0.344734 0.057415 0.034941
0 0.713747 0.415846 0.027231 0.018701
0 0.698163 0.374877 0.019685 0.016978