0 0.251353 0.166010 0.042569 0.055774
0 0.157849 0.432907 0.046014 0.041010
0 0.175566 0.472769 0.046506 0.034121
0 0.217643 0.510335 0.056841 0.045604
0 0.077387 0.679790 0.048474 0.072835
0 0.117618 0.640092 0.032480 0.069554
0 0.149729 0.644357 0.030758 0.059055
0 0.120325 0.567421 0.037402 0.060696
0 0.158588 0.581529 0.036663 0.066601
0 0.210015 0.569882 0.053888 0.033465
0 0.202879 0.657316 0.047490 0.058727
0 0.257997 0.584482 0.039124 0.050197
0 0.283465 0.540354 0.053150 0.035433
0 0.373031 0.625820 0.047736 0.079068
0 0.469857 0.556923 0.042077 0.072507
0 0.445866 0.440289 0.028543 0.051837
0 0.534695 0.462927 0.042815 0.042651
0 0.584646 0.530676 0.041339 0.053478
0 0.619464 0.422736 0.052411 0.065289
0 0.696112 0.415682 0.045276 0.057087
0 0.774237 0.498031 0.048474 0.040026
0 0.735974 0.549869 0.034941 0.046588
0 0.863312 0.507382 0.036171 0.039698
0 0.892101 0.548064 0.046014 0.039042
0 0.961122 0.649278 0.061516 0.078740
0 0.666831 0.614993 0.048228 0.062664
0 0.352485 0.432415 0.046998 0.061680