0 0.4088558070866142 0.7308530183727033 0.010949803149606299 0.014058398950131354
0 0.46255905511811024 0.5734186351706037 0.007792814960629939 0.011089238845144416
0 0.554564468503937 0.5961417322834646 0.008735236220472441 0.006669947506561656
0 0.6571727362204725 0.5475426509186352 0.009884350393700805 0.012706692913385833
0 0.6790944881889764 0.5568110236220473 0.009104330708661417 0.008937007874015676
0 0.6684522637795276 0.5390649606299213 0.007832185039370061 0.011062992125984186
0 0.6640009842519685 0.6734219160104987 0.009761318897637813 0.016870078740157505
0 0.6779872047244094 0.8612532808398949 0.013779527559055118 0.011958661417322774
0 0.7717150590551181 0.6653904199475066 0.01422982283464565 0.012185039370078699
0 0.7929798228346457 0.7185334645669292 0.00984251968503937 0.00867125984251978
0 0.5119168307086613 0.861765091863517 0.01660925196850394 0.032119422572178355