0 0.184055 0.433727 0.056594 0.038714
0 0.207185 0.479495 0.058071 0.045604
0 0.413509 0.446686 0.054872 0.078412
0 0.527682 0.461614 0.034695 0.066273
0 0.750738 0.445374 0.064961 0.084318
0 0.844365 0.447835 0.059793 0.066929
0 0.703863 0.588419 0.051427 0.077100
0 0.556471 0.608596 0.052904 0.094488
0 0.421506 0.567093 0.053642 0.052165
0 0.328863 0.570866 0.066683 0.035433
0 0.298351 0.628609 0.064715 0.060367
0 0.432333 0.685367 0.060039 0.102362
0 0.214813 0.715059 0.069882 0.060696
0 0.155512 0.687828 0.041831 0.077756
0 0.112697 0.682251 0.043799 0.088911
0 0.060778 0.729823 0.061516 0.090223
0 0.946850 0.562992 0.060039 0.073491
0 0.900960 0.622703 0.041093 0.060367
0 0.825295 0.700951 0.064961 0.084318
0 0.637549 0.492618 0.052165 0.052165