0 0.395997 0.099040 0.035433 0.034695
0 0.442093 0.108268 0.040354 0.027559
0 0.456037 0.128568 0.036089 0.018947
0 0.506562 0.119341 0.039370 0.035925
0 0.750492 0.092151 0.034449 0.041093
0 0.631070 0.155881 0.041010 0.023376
0 0.213747 0.194021 0.027887 0.036663
0 0.280184 0.164493 0.049869 0.030266
0 0.312664 0.192175 0.026903 0.025098
0 0.258858 0.224040 0.047244 0.037156
0 0.459482 0.180733 0.044948 0.026329
0 0.367618 0.225763 0.030512 0.041585
0 0.398786 0.237082 0.030512 0.033219
0 0.459974 0.219611 0.045932 0.039124
0 0.509022 0.218996 0.034449 0.030512
0 0.546096 0.225763 0.035761 0.030758
0 0.561352 0.175812 0.045276 0.039616
0 0.442749 0.282849 0.042979 0.024852
0 0.399606 0.310285 0.044619 0.025098
0 0.462106 0.319390 0.039698 0.037402
0 0.387467 0.335384 0.051837 0.029528
0 0.472769 0.367126 0.043963 0.038386
0 0.368602 0.402928 0.050197 0.032726
0 0.244915 0.317544 0.037730 0.032726
0 0.286909 0.359498 0.056102 0.035433
0 0.250492 0.421014 0.036417 0.034449
0 0.242454 0.453125 0.049213 0.032234
0 0.171260 0.466535 0.056430 0.038386
0 0.175525 0.509966 0.042651 0.032234
0 0.211614 0.504183 0.044619 0.031988
0 0.138287 0.552288 0.051509 0.033219
0 0.235892 0.573081 0.050525 0.045768
0 0.145013 0.638164 0.041339 0.025344
0 0.104495 0.672613 0.058727 0.037156
0 0.287238 0.574434 0.050197 0.038140
0 0.340223 0.590674 0.049213 0.031250
0 0.340551 0.558194 0.043307 0.031742
0 0.357448 0.531250 0.037730 0.024606
0 0.334974 0.625861 0.051837 0.031250
0 0.330545 0.654774 0.063976 0.026083
0 0.323491 0.685778 0.038714 0.035925
0 0.298392 0.714075 0.053478 0.031988
0 0.249836 0.736836 0.041010 0.044537
0 0.314961 0.753814 0.059711 0.033219
0 0.253117 0.785310 0.048228 0.043061
0 0.334154 0.793676 0.062664 0.036171
0 0.434875 0.730807 0.044948 0.039370
0 0.370735 0.710999 0.048556 0.029774
0 0.406496 0.687746 0.048556 0.021161
0 0.400919 0.663878 0.045276 0.025591
0 0.474409 0.684301 0.046588 0.037894
0 0.533957 0.694021 0.035105 0.027313
0 0.533957 0.663263 0.048885 0.033711
0 0.430610 0.617864 0.049541 0.025098
0 0.484744 0.586368 0.054134 0.024114
0 0.475394 0.551796 0.052493 0.027805
0 0.548392 0.499877 0.049541 0.027805
0 0.602362 0.489911 0.046588 0.029528
0 0.649770 0.500123 0.043635 0.021407
0 0.666339 0.563484 0.036089 0.036909
0 0.659449 0.598548 0.047900 0.027805
0 0.732119 0.591905 0.051509 0.031250
0 0.781332 0.539493 0.042323 0.025837
0 0.848589 0.530020 0.045604 0.037894
0 0.836286 0.626845 0.058399 0.031742
0 0.717848 0.682579 0.040682 0.036417
0 0.767224 0.773376 0.056102 0.038386
0 0.785269 0.501722 0.053478 0.033465
0 0.864337 0.406988 0.044948 0.045276
0 0.761975 0.447466 0.053478 0.022884
0 0.666339 0.381029 0.042651 0.029281
0 0.628609 0.403297 0.036745 0.040846
0 0.587598 0.376230 0.045276 0.019685
0 0.581037 0.299090 0.040026 0.028789
0 0.711614 0.323942 0.038714 0.028789
0 0.765748 0.290600 0.038714 0.020177
0 0.696686 0.260458 0.037073 0.043061
0 0.730315 0.230684 0.041995 0.023376
0 0.693406 0.215920 0.031168 0.031742
0 0.720472 0.182087 0.040682 0.027067
0 0.780348 0.142963 0.039042 0.029528
0 0.045604 0.431225 0.055118 0.046506
0 0.360728 0.453986 0.050197 0.034941
0 0.354659 0.490157 0.062336 0.032480
0 0.473917 0.446727 0.041667 0.033711
0 0.432415 0.417692 0.027559 0.027313
0 0.475558 0.687008 0.044948 0.037402