0 0.140256 0.088952 0.027887 0.019439
0 0.365650 0.187008 0.037073 0.039370
0 0.432743 0.206939 0.041995 0.022146
0 0.326280 0.236467 0.040354 0.022638
0 0.296916 0.255782 0.031496 0.015994
0 0.305118 0.276575 0.039370 0.023622
0 0.443898 0.280389 0.026903 0.032234
0 0.296424 0.317052 0.027887 0.029281
0 0.323655 0.326649 0.023294 0.021900
0 0.350230 0.316560 0.025919 0.035187
0 0.288714 0.341043 0.030184 0.021161
0 0.332841 0.347318 0.037073 0.022392
0 0.405512 0.335753 0.040682 0.028297
0 0.295768 0.374139 0.042323 0.029281
0 0.339075 0.368602 0.041010 0.021161
0 0.429134 0.394316 0.038058 0.027313
0 0.369751 0.407603 0.049869 0.035679
0 0.313648 0.479577 0.037402 0.020177
0 0.273130 0.476009 0.030512 0.028789
0 0.281824 0.511934 0.051181 0.034695
0 0.315125 0.548105 0.037730 0.039124
0 0.341371 0.634719 0.036417 0.016486
0 0.366142 0.652682 0.051181 0.018947
0 0.313156 0.672244 0.039042 0.040354
0 0.280512 0.676550 0.030840 0.039124
0 0.302986 0.709892 0.033793 0.025591
0 0.401411 0.699065 0.043635 0.030512
0 0.350394 0.739296 0.047900 0.039616
1 0.387959 0.585630 0.014764 0.013287
1 0.252953 0.592028 0.015748 0.008366
1 0.340879 0.685531 0.011155 0.010827
1 0.337106 0.701280 0.013451 0.012795
1 0.336942 0.713583 0.013123 0.009350
1 0.400262 0.719488 0.008530 0.010335
1 0.323327 0.506152 0.014108 0.009843
1 0.342848 0.509596 0.010499 0.012303
1 0.338255 0.432087 0.006562 0.011811
1 0.408301 0.362697 0.010171 0.011811
1 0.389928 0.385458 0.016076 0.008120
1 0.433891 0.310655 0.013451 0.014026
0 0.685367 0.177657 0.049869 0.031496
0 0.628445 0.203002 0.055446 0.038386
0 0.632546 0.257751 0.045932 0.025837
1 0.634022 0.274360 0.018045 0.007874
0 0.598425 0.241634 0.034121 0.024114
1 0.602034 0.288386 0.011811 0.013287
1 0.585466 0.352485 0.008858 0.011073
1 0.634350 0.422613 0.020013 0.009596
1 0.774934 0.417446 0.009843 0.015010
0 0.609252 0.381152 0.059055 0.039370
0 0.697835 0.394439 0.061680 0.047244
0 0.805774 0.453986 0.055774 0.045276
1 0.655020 0.484744 0.013451 0.015748
0 0.599902 0.529897 0.052822 0.038140
1 0.592356 0.552165 0.013451 0.012303
0 0.655676 0.557948 0.053478 0.027313
1 0.656332 0.579847 0.014108 0.007628
0 0.692749 0.588952 0.041667 0.037648
1 0.664698 0.617864 0.017717 0.012303
0 0.678314 0.643947 0.054790 0.040846
1 0.635991 0.644562 0.020013 0.014026
0 0.583661 0.647146 0.050525 0.035925
0 0.650919 0.683932 0.062992 0.039616
0 0.605643 0.722441 0.056430 0.037402
0 0.687828 0.730807 0.049541 0.032480
1 0.604495 0.671260 0.015420 0.011811
1 0.604659 0.686762 0.013780 0.013287
1 0.616142 0.771038 0.017060 0.015010
0 0.727690 0.794045 0.066273 0.051181
0 0.810203 0.159695 0.048228 0.037894
1 0.259022 0.717766 0.008858 0.010335
