0 0.402067 0.545399 0.034449 0.020423
0 0.360892 0.572219 0.040026 0.031250
0 0.335302 0.596826 0.036745 0.015502
0 0.453084 0.629183 0.040026 0.024606
0 0.487533 0.615157 0.025591 0.023622
0 0.324803 0.667077 0.028871 0.026575
0 0.363189 0.682333 0.040026 0.029528
0 0.266732 0.702756 0.043963 0.031988
0 0.444882 0.689345 0.041339 0.022884
0 0.439304 0.721703 0.036745 0.033465
0 0.404692 0.740034 0.034449 0.034695
0 0.355315 0.746309 0.055774 0.043307
0 0.286909 0.757259 0.043635 0.031250
0 0.324803 0.799090 0.064304 0.036171
0 0.437336 0.804749 0.055118 0.047490
0 0.701280 0.720472 0.060039 0.051673
0 0.695046 0.668799 0.046916 0.032480
0 0.718340 0.870202 0.082349 0.058317
0 0.915190 0.622170 0.053478 0.043061
0 0.707185 0.491880 0.049541 0.029035
0 0.691273 0.450910 0.036745 0.034203
0 0.802329 0.394070 0.048885 0.023868
1 0.844488 0.403912 0.013780 0.014026
0 0.710138 0.346334 0.032480 0.024852
0 0.744587 0.382013 0.029856 0.019439
0 0.508530 0.498770 0.040682 0.027067
0 0.491470 0.476870 0.033465 0.015748
0 0.426509 0.475394 0.033465 0.018701
0 0.441437 0.560408 0.037730 0.028789
0 0.437336 0.457062 0.029528 0.015502
0 0.466371 0.532726 0.020669 0.024114
1 0.309055 0.692544 0.011155 0.012549
1 0.281988 0.675689 0.021325 0.010827
1 0.263287 0.652067 0.009514 0.014272
1 0.330052 0.640625 0.017060 0.012057
1 0.386483 0.635827 0.011155 0.014272
1 0.386811 0.708784 0.021654 0.014026
1 0.237697 0.732283 0.014108 0.013780
1 0.250984 0.808317 0.018373 0.013780
1 0.226542 0.859498 0.016076 0.014764
1 0.196850 0.810285 0.013123 0.011319
1 0.233104 0.760089 0.012139 0.011811
1 0.276739 0.658711 0.012795 0.011811
