0 0.410925 0.264518 0.029856 0.035433
0 0.379593 0.310162 0.040682 0.028297
0 0.359416 0.342766 0.034449 0.021161
0 0.351214 0.325664 0.027231 0.013533
0 0.352198 0.377830 0.023950 0.024852
0 0.346129 0.398376 0.028215 0.017717
0 0.384843 0.402313 0.033465 0.019193
0 0.391896 0.423474 0.037730 0.019685
0 0.356135 0.428396 0.029856 0.023622
0 0.450295 0.390994 0.035105 0.023130
0 0.420604 0.454355 0.040026 0.032726
0 0.474245 0.440945 0.035761 0.024606
0 0.482612 0.341781 0.025591 0.031004
0 0.468340 0.280758 0.034449 0.020669
0 0.484416 0.260704 0.032480 0.017963
0 0.687828 0.249262 0.038386 0.028051
0 0.642388 0.271284 0.045932 0.035187
0 0.648294 0.320374 0.041995 0.029035
0 0.632382 0.424213 0.049541 0.034941
0 0.712434 0.434178 0.053478 0.041093
0 0.809875 0.481422 0.045604 0.040108
0 0.629921 0.553396 0.048556 0.031004
0 0.681594 0.577141 0.046260 0.026821
0 0.714895 0.604208 0.032808 0.033219
0 0.704232 0.654651 0.048885 0.035679
0 0.621719 0.660433 0.040026 0.030512
0 0.683563 0.692421 0.052822 0.037894
0 0.644193 0.728100 0.048228 0.031988
0 0.718996 0.730930 0.042979 0.030758
0 0.756562 0.788878 0.061680 0.045276
0 0.460302 0.715428 0.041339 0.030266
0 0.412730 0.753322 0.042651 0.037156
0 0.369259 0.723056 0.030512 0.026821
0 0.376148 0.691683 0.029199 0.037894
0 0.345472 0.694636 0.032152 0.032480
0 0.424705 0.673351 0.047572 0.022884
0 0.398294 0.656373 0.040682 0.016978
0 0.373360 0.578494 0.034777 0.032972
0 0.421424 0.517963 0.043635 0.022146
0 0.372211 0.520423 0.033793 0.019685
0 0.338911 0.549336 0.030840 0.030758
0 0.336450 0.517963 0.025919 0.027067
0 0.352690 0.278666 0.022966 0.017963
1 0.474081 0.369833 0.013780 0.011319
1 0.452756 0.413632 0.009186 0.010335
0 0.376640 0.385458 0.020341 0.020915
0 0.399770 0.375738 0.021982 0.030020
1 0.380413 0.542815 0.012795 0.010335
1 0.440781 0.611590 0.011483 0.012057
1 0.346293 0.644562 0.018045 0.012549
1 0.399606 0.730684 0.007218 0.007136
1 0.328248 0.736713 0.010827 0.009350
1 0.401411 0.704355 0.010827 0.013041
1 0.640092 0.681594 0.013123 0.009350
1 0.641404 0.695743 0.011155 0.012549
1 0.655676 0.772884 0.014764 0.011811
1 0.667487 0.656742 0.017388 0.010827
1 0.691273 0.631890 0.017060 0.008858
1 0.682087 0.597441 0.012467 0.008858
1 0.623688 0.575172 0.013780 0.011565
1 0.677822 0.514026 0.013123 0.012303
1 0.780512 0.450664 0.007874 0.014026
1 0.657972 0.459031 0.013451 0.009104
1 0.793143 0.186885 0.012795 0.012549
0 0.149934 0.484252 0.027559 0.027559
