0 0.239993 0.177042 0.057415 0.035679
0 0.272802 0.256890 0.081693 0.050689
0 0.390256 0.274114 0.084974 0.073327
0 0.520177 0.337968 0.077100 0.071112
0 0.254757 0.473056 0.062664 0.038140
0 0.201936 0.480561 0.042979 0.052165
0 0.327100 0.513410 0.076115 0.041585
0 0.376969 0.555364 0.067585 0.056102
0 0.209482 0.581324 0.078412 0.062746
0 0.348917 0.641855 0.073163 0.064222
0 0.229331 0.654774 0.069554 0.049213
0 0.319390 0.706816 0.081037 0.065699
0 0.251148 0.763287 0.087598 0.050197
0 0.188484 0.793922 0.058727 0.063238
0 0.359252 0.773376 0.069554 0.044291
0 0.406496 0.872293 0.106299 0.080217
1 0.603675 0.135581 0.032152 0.022146
1 0.309711 0.318282 0.020341 0.015010
1 0.487697 0.291216 0.013451 0.019931
1 0.335794 0.406742 0.017388 0.024114
1 0.248524 0.508735 0.020669 0.017963
1 0.384022 0.507751 0.018701 0.016978
1 0.332185 0.545399 0.016732 0.016978
1 0.341864 0.603839 0.021654 0.015748
1 0.301017 0.644808 0.022638 0.016978
1 0.259678 0.685408 0.020669 0.016978
1 0.258694 0.712598 0.020013 0.023130
1 0.268537 0.837844 0.024606 0.020669
