0 0.164370 0.279035 0.031988 0.040354
0 0.338829 0.318734 0.024606 0.038386
0 0.440453 0.387795 0.025591 0.031496
0 0.534203 0.360400 0.022638 0.031824
0 0.569267 0.410761 0.020915 0.025591
0 0.725886 0.577592 0.033957 0.033793
0 0.679257 0.570374 0.027805 0.029856
0 0.689838 0.604495 0.026821 0.035105
0 0.592889 0.565289 0.030266 0.033465
0 0.529528 0.602034 0.035925 0.042651
0 0.611713 0.683727 0.032972 0.052493
0 0.556964 0.682415 0.034203 0.051837
0 0.481422 0.655676 0.034695 0.045604
0 0.352485 0.598589 0.030266 0.040354
0 0.282726 0.651083 0.051181 0.053478
1 0.140871 0.516076 0.007628 0.014436
1 0.248401 0.574967 0.014026 0.009514
1 0.255906 0.584646 0.012303 0.009186
1 0.331324 0.590551 0.009596 0.023622
1 0.371309 0.605315 0.007382 0.015092
1 0.418430 0.540354 0.011565 0.013780
1 0.387057 0.532808 0.014272 0.008530
1 0.304257 0.774606 0.020915 0.017717
1 0.615157 0.584810 0.009350 0.010827
1 0.632751 0.569718 0.007628 0.016076
1 0.718627 0.682907 0.010581 0.015420
1 0.781496 0.659613 0.009843 0.018045
1 0.765379 0.628773 0.012057 0.011483
1 0.606176 0.414862 0.010581 0.009514
1 0.605930 0.397146 0.010089 0.010171
1 0.568898 0.389600 0.012795 0.012795
1 0.437746 0.365814 0.010335 0.009843
1 0.433071 0.352034 0.008858 0.013123
1 0.420645 0.367126 0.008612 0.012467
1 0.409080 0.329396 0.005167 0.011155
1 0.362697 0.338747 0.008858 0.012139
1 0.200418 0.340059 0.014026 0.009514
1 0.220472 0.340223 0.012795 0.013123
1 0.171014 0.306102 0.009350 0.010499
1 0.218750 0.288550 0.013287 0.011483
1 0.232283 0.302001 0.011811 0.016076
1 0.274360 0.289862 0.004921 0.008858
1 0.308809 0.309055 0.012303 0.012467
1 0.364911 0.318241 0.006398 0.010499
1 0.358883 0.320702 0.005659 0.010171
1 0.400960 0.330052 0.006644 0.010499
1 0.498647 0.405184 0.007136 0.009186
1 0.517840 0.415846 0.006644 0.013451
1 0.562008 0.361877 0.009350 0.009186
1 0.595226 0.389764 0.006890 0.009186
