1 0.269521 0.767840 0.013451 0.013533
1 0.305938 0.763903 0.018701 0.011565
1 0.284121 0.779035 0.011155 0.011811
1 0.262795 0.798228 0.011811 0.013287
1 0.399606 0.719242 0.013780 0.012795
1 0.255577 0.717889 0.009186 0.010089
1 0.280020 0.754306 0.014108 0.010089
1 0.315945 0.657111 0.011155 0.009596
1 0.271982 0.627953 0.007874 0.007874
1 0.286253 0.632874 0.008858 0.007382
1 0.291667 0.645669 0.011155 0.008366
1 0.331037 0.615404 0.012467 0.010335
0 0.283136 0.669168 0.035433 0.026821
0 0.303642 0.708169 0.036417 0.027067
0 0.365322 0.695866 0.050853 0.031004
0 0.408465 0.683317 0.029528 0.028543
0 0.436024 0.641486 0.033465 0.019193
0 0.327756 0.635458 0.026247 0.019931
0 0.363025 0.642101 0.039698 0.020423
0 0.340879 0.740527 0.050525 0.023868
0 0.442913 0.736220 0.045932 0.035925
0 0.438320 0.594242 0.034121 0.023130
0 0.468176 0.582554 0.019685 0.020423
0 0.352526 0.555118 0.029856 0.021161
0 0.330052 0.577756 0.032152 0.012795
0 0.384186 0.530758 0.029528 0.016732
0 0.420604 0.540477 0.030840 0.023868
0 0.362041 0.463952 0.019357 0.018455
0 0.457185 0.467151 0.023950 0.013533
0 0.473753 0.484129 0.036745 0.019439
0 0.400427 0.469488 0.026575 0.013780
0 0.375820 0.408465 0.029199 0.022638
0 0.470801 0.392963 0.031496 0.015748
0 0.489993 0.440207 0.023950 0.015256
0 0.439797 0.515994 0.018045 0.020669
0 0.438484 0.671014 0.026575 0.029035
0 0.647802 0.607406 0.036417 0.026821
0 0.657972 0.650221 0.052822 0.041093
0 0.678970 0.762549 0.053478 0.040354
0 0.821194 0.552288 0.036089 0.036663
1 0.855807 0.570866 0.020013 0.015748
1 0.733104 0.581201 0.013451 0.007874
1 0.757710 0.570251 0.010171 0.009104
1 0.733432 0.566806 0.006890 0.009596
1 0.657152 0.531373 0.017060 0.009104
1 0.625164 0.582923 0.009514 0.010335
1 0.800853 0.718627 0.017717 0.013533
1 0.784941 0.423474 0.011483 0.007382
1 0.808399 0.407357 0.014436 0.007136
1 0.827920 0.443775 0.014764 0.007628
1 0.758366 0.382751 0.009514 0.011073
0 0.799869 0.337968 0.062336 0.033219
0 0.723425 0.375861 0.036745 0.019439
0 0.630249 0.430364 0.030840 0.031004
0 0.645997 0.465059 0.045932 0.025098
0 0.721785 0.457062 0.024934 0.026821
0 0.696194 0.478962 0.038058 0.011565
0 0.725394 0.495694 0.049869 0.016486
0 0.639764 0.341289 0.024278 0.022638
0 0.669948 0.371186 0.020997 0.016486
0 0.686188 0.411909 0.030512 0.019193
1 0.420440 0.618971 0.006890 0.010581
1 0.433399 0.623155 0.008530 0.008120
1 0.382054 0.593873 0.007546 0.006644
1 0.422080 0.573204 0.009514 0.007136
1 0.365486 0.582062 0.009186 0.008120
1 0.355807 0.615650 0.008202 0.004429
1 0.386811 0.662771 0.016404 0.008612
1 0.313812 0.678888 0.006890 0.006398
1 0.330709 0.775714 0.007218 0.013041
1 0.259350 0.741511 0.006890 0.007136
1 0.267717 0.741634 0.007874 0.005906
1 0.264600 0.711245 0.006234 0.012057
1 0.261975 0.686270 0.008202 0.005906
1 0.397802 0.651206 0.010171 0.005659
1 0.379101 0.606791 0.006234 0.008858
1 0.296260 0.603593 0.005906 0.007382
1 0.294291 0.567667 0.014436 0.008858
1 0.327100 0.537894 0.009186 0.004429
1 0.336614 0.537771 0.005249 0.007136
1 0.325787 0.491388 0.005906 0.007874
1 0.354495 0.488927 0.009514 0.004921
1 0.375000 0.482899 0.005906 0.007628
0 0.407316 0.453371 0.027231 0.013533
0 0.413878 0.493725 0.025919 0.023868
0 0.446686 0.422982 0.030512 0.022638
