0 0.844980 0.202387 0.060696 0.040108
0 0.717684 0.234744 0.044948 0.032480
0 0.663222 0.317421 0.044291 0.026083
0 0.606955 0.376845 0.043963 0.030758
0 0.622703 0.436147 0.063648 0.039616
0 0.715879 0.450541 0.068898 0.050197
0 0.818241 0.504675 0.070210 0.052165
0 0.599902 0.590551 0.055446 0.037402
0 0.558399 0.596088 0.026247 0.037156
0 0.653871 0.625492 0.053806 0.029528
0 0.689961 0.660064 0.052493 0.037648
0 0.558891 0.669291 0.046916 0.047244
0 0.564797 0.725148 0.054790 0.042323
0 0.665846 0.722933 0.053478 0.047736
0 0.636155 0.771777 0.067585 0.043061
0 0.580381 0.815207 0.063648 0.043799
0 0.525262 0.833169 0.040026 0.052165
0 0.664206 0.826403 0.060696 0.040600
0 0.700295 0.907357 0.088911 0.066191
0 0.310696 0.822343 0.064961 0.051673
0 0.252297 0.739296 0.032808 0.035187
0 0.285925 0.742987 0.025919 0.040600
0 0.268537 0.779158 0.043635 0.029774
0 0.312336 0.605930 0.042651 0.039616
0 0.275591 0.571481 0.033465 0.027313
0 0.320702 0.537402 0.044948 0.028051
0 0.384678 0.462968 0.041667 0.040108
0 0.320046 0.403543 0.038386 0.024606
0 0.330052 0.433563 0.038058 0.026575
0 0.429626 0.394685 0.044291 0.025098
0 0.382054 0.308563 0.046916 0.032480
0 0.420276 0.260704 0.036089 0.039124
0 0.667159 0.263410 0.049541 0.038632
1 0.572835 0.479577 0.013123 0.014272
1 0.649114 0.478469 0.022638 0.012057
1 0.662894 0.544660 0.018045 0.018455
1 0.790846 0.467766 0.014108 0.016732
1 0.589075 0.618479 0.018045 0.014518
1 0.652395 0.650468 0.016076 0.010581
1 0.655512 0.693282 0.023622 0.010581
1 0.624016 0.724656 0.020997 0.017224
1 0.587434 0.754306 0.018701 0.013041
1 0.584810 0.773622 0.020013 0.016732
1 0.530348 0.757259 0.016732 0.012057
1 0.269521 0.681964 0.020013 0.015994
