0 0.144685 0.276247 0.033465 0.038714
0 0.326033 0.313976 0.029035 0.038058
0 0.429626 0.385991 0.019685 0.033136
0 0.521654 0.355971 0.023130 0.034121
0 0.539616 0.416339 0.017224 0.020997
0 0.558194 0.410925 0.019931 0.025919
0 0.713829 0.575951 0.034941 0.035761
0 0.667815 0.570046 0.026575 0.029199
0 0.678888 0.604003 0.026575 0.033465
0 0.580832 0.565125 0.030266 0.033136
0 0.518824 0.604331 0.036171 0.043307
0 0.470103 0.657152 0.033219 0.040682
0 0.545522 0.685860 0.036417 0.051509
0 0.599902 0.683891 0.036417 0.048228
0 0.338706 0.598753 0.031742 0.040026
0 0.267470 0.654856 0.053642 0.052493
1 0.783095 0.687992 0.013041 0.011811
1 0.768332 0.656988 0.007628 0.016076
1 0.752953 0.626476 0.009350 0.009514
1 0.707923 0.682907 0.009350 0.011483
1 0.620694 0.568077 0.007628 0.013451
1 0.604085 0.584318 0.009350 0.007218
1 0.405389 0.541831 0.011073 0.012139
1 0.357653 0.607448 0.007628 0.011483
1 0.316560 0.593504 0.007136 0.024278
1 0.232160 0.578740 0.015994 0.007874
1 0.240281 0.587434 0.013041 0.007546
1 0.122908 0.518373 0.009104 0.015092
1 0.593996 0.394685 0.009843 0.010499
1 0.608145 0.389272 0.005167 0.010827
1 0.600148 0.422900 0.008366 0.008530
1 0.582062 0.387139 0.007628 0.009843
1 0.554503 0.386975 0.009596 0.006890
1 0.548597 0.359252 0.009104 0.009186
1 0.593504 0.413386 0.007874 0.007218
1 0.494218 0.340715 0.008612 0.009514
1 0.486220 0.402723 0.007874 0.008202
1 0.505290 0.415354 0.006152 0.013123
1 0.442913 0.378445 0.006398 0.011483
1 0.419783 0.349573 0.007874 0.012139
1 0.424090 0.364173 0.010089 0.009186
1 0.406619 0.364829 0.009104 0.009186
1 0.410187 0.395341 0.008366 0.012467
1 0.395177 0.327428 0.004921 0.009843
1 0.389149 0.338747 0.006152 0.010827
1 0.386442 0.327756 0.006644 0.009186
1 0.359129 0.346293 0.010581 0.006890
1 0.347933 0.336286 0.007382 0.009843
1 0.350025 0.314797 0.006644 0.011483
1 0.343996 0.316929 0.004921 0.009843
1 0.292200 0.305446 0.010581 0.011811
1 0.302165 0.313156 0.007874 0.009514
1 0.258120 0.286089 0.004921 0.010499
1 0.199803 0.284449 0.010827 0.008530
1 0.215059 0.299213 0.011319 0.015748
1 0.182825 0.337927 0.013287 0.009186
1 0.202387 0.337927 0.012057 0.013780
1 0.152190 0.302986 0.010581 0.010171
