0 0.440699 0.345308 0.057579 0.056759
0 0.200295 0.330873 0.048228 0.041010
0 0.219119 0.379429 0.049459 0.044948
0 0.272146 0.438648 0.066929 0.060367
0 0.151206 0.504429 0.040108 0.071194
0 0.246432 0.625820 0.058809 0.056102
0 0.178888 0.605151 0.040846 0.060039
0 0.135212 0.604331 0.043061 0.057743
0 0.088214 0.640420 0.046014 0.086614
0 0.316314 0.536581 0.046998 0.063320
0 0.353346 0.479659 0.067913 0.038058
0 0.445497 0.480315 0.052411 0.050525
0 0.551181 0.369587 0.036909 0.064633
0 0.580340 0.380085 0.018455 0.030512
0 0.669783 0.407152 0.053642 0.054462
0 0.582923 0.523950 0.049213 0.087270
0 0.734867 0.503117 0.047490 0.060696
0 0.783588 0.356791 0.062746 0.073163
0 0.879921 0.365322 0.058071 0.065945
0 0.940207 0.549541 0.050197 0.062992
0 0.851747 0.643537 0.064222 0.058727
0 0.750738 0.713419 0.046260 0.076444
0 0.459892 0.611549 0.059547 0.088583
0 0.195497 0.523130 0.043061 0.096785
0 0.250246 0.508530 0.040354 0.048556
1 0.116634 0.447343 0.020177 0.020669
1 0.075049 0.447014 0.022146 0.014108
1 0.042200 0.450459 0.016978 0.025591
1 0.261196 0.352034 0.016486 0.015092
1 0.355438 0.338255 0.018455 0.023622
1 0.451895 0.443898 0.014518 0.011155
1 0.543799 0.490157 0.012303 0.018373
1 0.581324 0.438320 0.011073 0.020997
1 0.592397 0.407644 0.016978 0.020669
1 0.653543 0.549213 0.014272 0.013780
1 0.732653 0.372211 0.016486 0.023294
0 0.688607 0.350722 0.032726 0.029528
1 0.926550 0.309711 0.015994 0.025591
1 0.978593 0.331201 0.021654 0.017388
1 0.840551 0.341043 0.013780 0.017388
1 0.836245 0.370571 0.014026 0.021982
1 0.935778 0.461122 0.011811 0.012139
1 0.931718 0.492126 0.021900 0.015748
1 0.856791 0.497375 0.022638 0.022310
1 0.813853 0.459974 0.019931 0.028871
1 0.625246 0.633202 0.018701 0.019029
1 0.531496 0.304626 0.015256 0.027231
1 0.419660 0.544619 0.013041 0.026247
