0 0.251353 0.166010 0.042569 0.055774
0 0.157849 0.432907 0.046014 0.041010
0 0.175566 0.472769 0.046506 0.034121
0 0.217643 0.510335 0.056841 0.045604
0 0.077387 0.679790 0.048474 0.072835
0 0.117618 0.640092 0.032480 0.069554
0 0.149729 0.644357 0.030758 0.059055
0 0.120325 0.567421 0.037402 0.060696
0 0.158588 0.581529 0.036663 0.066601
0 0.210015 0.569882 0.053888 0.033465
0 0.202879 0.657316 0.047490 0.058727
0 0.257997 0.584482 0.039124 0.050197
0 0.283465 0.540354 0.053150 0.035433
0 0.373031 0.625820 0.047736 0.079068
0 0.469857 0.556923 0.042077 0.072507
0 0.445866 0.440289 0.028543 0.051837
0 0.534695 0.462927 0.042815 0.042651
0 0.584646 0.530676 0.041339 0.053478
0 0.619464 0.422736 0.052411 0.065289
0 0.696112 0.415682 0.045276 0.057087
0 0.774237 0.498031 0.048474 0.040026
0 0.735974 0.549869 0.034941 0.046588
0 0.863312 0.507382 0.036171 0.039698
0 0.892101 0.548064 0.046014 0.039042
0 0.961122 0.649278 0.061516 0.078740
0 0.666831 0.614993 0.048228 0.062664
1 0.056348 0.531824 0.020669 0.015748
1 0.027313 0.536909 0.014272 0.019357
1 0.090059 0.529856 0.018701 0.018373
1 0.214321 0.544455 0.017717 0.018045
1 0.190699 0.413386 0.014272 0.014436
1 0.208538 0.443570 0.013041 0.013123
1 0.283465 0.427657 0.017224 0.016732
0 0.352485 0.432415 0.046998 0.061680
1 0.319144 0.420276 0.016732 0.017060
1 0.365281 0.504429 0.013041 0.012795
1 0.439222 0.532972 0.008858 0.014108
1 0.339567 0.585958 0.013780 0.020997
1 0.276944 0.635007 0.015010 0.014108
1 0.469488 0.490814 0.009843 0.019029
1 0.475394 0.466371 0.014272 0.018701
1 0.425074 0.444226 0.010581 0.014436
1 0.317421 0.655840 0.013287 0.016404
1 0.460138 0.653051 0.016240 0.019357
1 0.500984 0.635499 0.014272 0.015748
1 0.523253 0.571358 0.011073 0.008858
1 0.610482 0.543635 0.009350 0.017717
1 0.645792 0.494423 0.014026 0.023622
1 0.677781 0.518865 0.016486 0.020669
1 0.741388 0.487861 0.011319 0.010499
1 0.773499 0.383038 0.016486 0.013451
1 0.732160 0.371883 0.013533 0.021982
1 0.664862 0.400098 0.013287 0.017388
1 0.662648 0.424049 0.014764 0.018701
1 0.854823 0.367618 0.011811 0.016076
1 0.846580 0.404856 0.017963 0.016404
1 0.858391 0.407644 0.005659 0.012139
1 0.827387 0.443241 0.019439 0.016404
1 0.778912 0.562500 0.015010 0.025919
1 0.737451 0.510007 0.016732 0.013451
1 0.432579 0.644521 0.016240 0.011483
