0 0.336122 0.734744 0.052822 0.031004
0 0.298064 0.699557 0.035105 0.027559
0 0.363517 0.687254 0.051181 0.032972
0 0.441437 0.728346 0.050853 0.037894
0 0.407480 0.679134 0.030184 0.023130
0 0.438812 0.632751 0.030512 0.017963
0 0.438484 0.667569 0.028543 0.037894
0 0.326772 0.627338 0.027559 0.019931
0 0.362369 0.633243 0.039698 0.019931
0 0.275262 0.658711 0.045932 0.025098
0 0.440289 0.586983 0.038058 0.022392
0 0.351214 0.547613 0.031168 0.025837
0 0.329068 0.568282 0.033465 0.010089
0 0.422900 0.532357 0.032808 0.024852
0 0.363025 0.453125 0.020669 0.015994
0 0.460302 0.459031 0.027559 0.013041
0 0.402559 0.461368 0.027559 0.015748
0 0.479331 0.476132 0.034121 0.020177
0 0.409777 0.445251 0.025591 0.012057
0 0.414042 0.481299 0.028215 0.016732
0 0.383694 0.520546 0.033793 0.018947
0 0.654692 0.601378 0.041667 0.029035
0 0.664042 0.642470 0.056430 0.040354
0 0.689633 0.757382 0.053806 0.044783
0 0.656496 0.458415 0.041995 0.024114
0 0.639272 0.424213 0.031824 0.031004
0 0.730643 0.368725 0.041339 0.020915
0 0.649278 0.332800 0.023622 0.019439
0 0.682579 0.343996 0.028543 0.018701
0 0.678478 0.362574 0.024278 0.015502
0 0.642881 0.382013 0.028543 0.015010
0 0.734580 0.449188 0.026247 0.027313
0 0.702100 0.468627 0.036089 0.016978
1 0.265748 0.759350 0.012467 0.011319
1 0.276411 0.747293 0.010827 0.010335
1 0.257218 0.790846 0.011155 0.010827
1 0.327264 0.769439 0.009514 0.014764
1 0.273458 0.731299 0.007546 0.008366
1 0.254593 0.686639 0.011155 0.011073
1 0.260171 0.703617 0.007874 0.012057
1 0.248688 0.701895 0.009186 0.007136
1 0.251312 0.710999 0.007218 0.007136
1 0.263451 0.735728 0.006562 0.005413
1 0.301837 0.758243 0.015748 0.008612
1 0.374672 0.721088 0.009186 0.009104
1 0.313812 0.648991 0.011483 0.011073
1 0.284285 0.624877 0.006890 0.010089
1 0.289206 0.637180 0.012139 0.007136
1 0.270341 0.620079 0.005906 0.008858
1 0.293307 0.559055 0.013780 0.006890
1 0.423885 0.565207 0.009186 0.007874
1 0.356463 0.479331 0.007546 0.004429
1 0.323655 0.504306 0.008202 0.007628
1 0.768537 0.373031 0.014764 0.011319
