1 0.80810546875 0.763671875 0.0333251953125 0.027587890625
1 0.568359375 0.80859375 0.030914306640625 0.030863444010416668
1 0.70751953125 0.6617838541666666 0.0258636474609375 0.03741455078125
1 0.84423828125 0.8756510416666666 0.0220794677734375 0.024637858072916668
1 0.79931640625 0.8977864583333334 0.026153564453125 0.025655110677083332
1 0.77880859375 0.78125 0.021240234375 0.034159342447916664
1 0.6318359375 0.7643229166666666 0.023773193359375 0.025166829427083332
1 0.6884765625 0.9296875 0.02191162109375 0.039530436197916664
1 0.5068359375 0.8313802083333334 0.02203369140625 0.027119954427083332
1 0.490234375 0.8893229166666666 0.027069091796875 0.040059407552083336
1 0.5576171875 0.9173177083333334 0.0206451416015625 0.03363037109375
1 0.67041015625 0.7897135416666666 0.028656005859375 0.04083251953125
1 0.64990234375 0.666015625 0.0199432373046875 0.031636555989583336
1 0.73583984375 0.6809895833333334 0.02069091796875 0.024861653645833332
1 0.57275390625 0.7565104166666666 0.0202178955078125 0.032450358072916664
1 0.5224609375 0.6959635416666666 0.019012451171875 0.025248209635416668
1 0.359130859375 0.9694010416666666 0.03125 0.0289306640625
1 0.705078125 0.7096354166666666 0.0271148681640625 0.029215494791666668
1 0.615234375 0.728515625 0.0254669189453125 0.024678548177083332
1 0.6689453125 0.8274739583333334 0.0216217041015625 0.032368977864583336
1 0.444091796875 0.7141927083333334 0.022674560546875 0.0289306640625
1 0.389404296875 0.8365885416666666 0.0218658447265625 0.039306640625
1 0.41748046875 0.69140625 0.017852783203125 0.027262369791666668
1 0.376220703125 0.7220052083333334 0.0306243896484375 0.042561848958333336
1 0.51025390625 0.7649739583333334 0.0241851806640625 0.031229654947916668
1 0.55078125 0.7161458333333334 0.0181884765625 0.03057861328125
1 0.375 0.8255208333333334 0.021240234375 0.028483072916666668
1 0.468994140625 0.7135416666666666 0.0171051025390625 0.025410970052083332
1 0.371337890625 0.7571614583333334 0.02276611328125 0.025736490885416668
1 0.7705078125 0.6458333333333334 0.01560211181640625 0.022806803385416668
1 0.7099609375 0.7330729166666666 0.0282135009765625 0.021708170572916668
1 0.5009765625 0.6822916666666666 0.017242431640625 0.022806803385416668
1 0.4833984375 0.7233072916666666 0.0196075439453125 0.024312337239583332
1 0.8095703125 0.708984375 0.03533935546875 0.037211100260416664
1 0.67333984375 0.9505208333333334 0.0223236083984375 0.038350423177083336
1 0.399169921875 0.748046875 0.0243377685546875 0.031534830729166664
1 0.72216796875 0.7473958333333334 0.01678466796875 0.031636555989583336
1 0.76611328125 0.7063802083333334 0.0196075439453125 0.0458984375
1 0.6611328125 0.6979166666666666 0.0190582275390625 0.022379557291666668
1 0.47998046875 0.7415364583333334 0.01512908935546875 0.025594075520833332
1 0.41650390625 0.7291666666666666 0.0284423828125 0.0364990234375
1 0.59326171875 0.6861979166666666 0.0216217041015625 0.022725423177083332
