1 0.12475393700787402 0.6417322834645669 0.027066929133858268 0.03674540682414698
1 0.1734744094488189 0.6525590551181102 0.030019685039370077 0.04002624671916011
1 0.22613188976377951 0.5465879265091863 0.030019685039370077 0.030183727034120734
1 0.22219488188976377 0.49606299212598426 0.030019685039370077 0.03543307086614173
1 0.2952755905511811 0.5793963254593176 0.031496062992125984 0.03412073490813648
1 0.3154527559055118 0.6082677165354331 0.02066929133858268 0.02099737532808399
1 0.33095472440944884 0.6489501312335958 0.029035433070866142 0.05774278215223097
1 0.37106299212598426 0.49901574803149606 0.03543307086614173 0.03083989501312336
1 0.4050196850393701 0.48458005249343833 0.027559055118110236 0.03740157480314961
1 0.4328248031496063 0.473753280839895 0.021161417322834646 0.047244094488188976
1 0.49458661417322836 0.4927821522309711 0.03937007874015748 0.03674540682414698
1 0.41732283464566927 0.5918635170603674 0.022637795275590553 0.04199475065616798
1 0.44562007874015747 0.6289370078740157 0.025098425196850394 0.046587926509186355
1 0.4500492125984252 0.8566272965879265 0.02608267716535433 0.05971128608923885
1 0.42273622047244097 0.901246719160105 0.03248031496062992 0.062335958005249346
1 0.3257874015748031 0.9419291338582677 0.03248031496062992 0.0557742782152231
1 0.15354330708661418 0.8894356955380578 0.03641732283464567 0.03871391076115486
1 0.1451771653543307 0.9760498687664042 0.022637795275590553 0.03740157480314961
1 0.5804625984251969 0.9219160104986877 0.050688976377952756 0.06167979002624672
1 0.5223917322834646 0.9186351706036745 0.03789370078740158 0.04461942257217848
1 0.5349409448818898 0.9537401574803149 0.040354330708661415 0.022965879265091863
1 0.5563484251968503 0.9839238845144357 0.043799212598425195 0.03083989501312336
1 0.8024114173228346 0.9051837270341208 0.04675196850393701 0.07677165354330709
1 0.7404035433070866 0.8284120734908137 0.030019685039370077 0.0557742782152231
1 0.859251968503937 0.9520997375328084 0.04232283464566929 0.07742782152230972
1 0.6663385826771654 0.5570866141732284 0.04921259842519685 0.06299212598425197
1 0.6326279527559056 0.49901574803149606 0.029035433070866142 0.043963254593175856
1 0.671751968503937 0.48851706036745407 0.03543307086614173 0.04002624671916011
0 0.6171259842519685 0.5603674540682415 0.03543307086614173 0.04068241469816273
