0 0.238189 0.178888 0.061680 0.037894
0 0.269357 0.257997 0.088583 0.053396
0 0.389928 0.273868 0.082349 0.071358
0 0.516076 0.338829 0.073491 0.069882
0 0.250492 0.467520 0.057415 0.035433
0 0.202920 0.480561 0.046916 0.055118
0 0.327264 0.513164 0.076444 0.044045
0 0.374016 0.554872 0.066273 0.057579
0 0.207677 0.579232 0.074803 0.058071
0 0.354987 0.640010 0.077428 0.060039
0 0.231463 0.650098 0.067257 0.049705
0 0.315125 0.703863 0.089567 0.064222
0 0.252133 0.756029 0.086286 0.042077
0 0.189469 0.790477 0.060039 0.062746
0 0.358432 0.771038 0.065945 0.045522
0 0.407972 0.869587 0.104003 0.078740
1 0.271982 0.836122 0.019029 0.018701
1 0.257710 0.707923 0.017388 0.018209
1 0.256562 0.683932 0.017060 0.013041
1 0.301181 0.643455 0.022966 0.017224
1 0.340387 0.602977 0.020013 0.015502
1 0.330709 0.542323 0.018373 0.014272
1 0.382218 0.507259 0.021654 0.017470
1 0.249672 0.508366 0.017717 0.017717
1 0.333661 0.407357 0.017717 0.023868
1 0.483104 0.292692 0.016732 0.022884
1 0.597277 0.136565 0.031168 0.020177
