0 0.382546 0.198696 0.041339 0.046506
0 0.337106 0.254798 0.052822 0.039616
0 0.306102 0.295645 0.047244 0.032726
0 0.456201 0.222318 0.049541 0.025344
0 0.465715 0.303150 0.029199 0.035433
0 0.414534 0.364665 0.044948 0.030020
0 0.352034 0.339321 0.033465 0.038386
0 0.293307 0.336368 0.030840 0.025098
0 0.275755 0.367003 0.039042 0.022884
0 0.330052 0.375984 0.049213 0.024114
0 0.335794 0.400714 0.050197 0.023868
0 0.365157 0.443282 0.055118 0.038140
0 0.435203 0.431348 0.044948 0.033465
0 0.357283 0.528789 0.061680 0.027067
0 0.292159 0.524975 0.044948 0.025344
0 0.250164 0.562254 0.060039 0.040846
0 0.283629 0.606545 0.044291 0.044291
0 0.653379 0.420153 0.062008 0.039124
0 0.758858 0.441683 0.064961 0.060531
0 0.635335 0.596949 0.065945 0.041831
0 0.703412 0.639149 0.063648 0.033219
0 0.747539 0.678273 0.049541 0.042569
0 0.724573 0.745079 0.056759 0.045768
0 0.613845 0.746678 0.051181 0.043553
0 0.692257 0.797367 0.076772 0.046506
0 0.635827 0.842151 0.071522 0.047490
0 0.740486 0.858760 0.069554 0.037894
0 0.903543 0.515625 0.062336 0.055856
0 0.749344 0.193898 0.048556 0.035433
0 0.686188 0.222687 0.061352 0.042815
0 0.688320 0.287525 0.051181 0.035679
0 0.906168 0.172613 0.059711 0.040600
1 0.625328 0.626599 0.021654 0.015010
1 0.706037 0.547490 0.018373 0.018701
1 0.683727 0.470965 0.024934 0.013287
1 0.714239 0.715551 0.021654 0.011319
1 0.676181 0.747293 0.026903 0.017224
1 0.632054 0.776944 0.023950 0.014518
1 0.632218 0.797736 0.027559 0.016240
1 0.638944 0.906742 0.026575 0.019193
1 0.297408 0.799951 0.027887 0.016240
1 0.294783 0.816314 0.013451 0.015010
1 0.198327 0.813976 0.012795 0.013780
1 0.207185 0.659572 0.019357 0.012549
1 0.368438 0.657849 0.018373 0.016486
1 0.300197 0.778420 0.014436 0.014026
1 0.325951 0.471211 0.012139 0.014764
1 0.451115 0.338214 0.014436 0.016978
1 0.902887 0.121924 0.021654 0.014026
