1 0.5986328125 0.5973307291666666 0.036224365234375 0.0565185546875
1 0.65478515625 0.693359375 0.039947509765625 0.0528564453125
1 0.5634765625 0.5100911458333334 0.0305633544921875 0.044026692708333336
1 0.8662109375 0.48828125 0.043853759765625 0.038350423177083336
1 0.6572265625 0.4420572916666667 0.038818359375 0.043294270833333336
1 0.701171875 0.4449869791666667 0.045257568359375 0.033772786458333336
1 0.84521484375 0.556640625 0.037109375 0.041280110677083336
1 0.337646484375 0.6276041666666666 0.0263519287109375 0.037211100260416664
1 0.82666015625 0.6585286458333334 0.045440673828125 0.0474853515625
1 0.427734375 0.802734375 0.04486083984375 0.057169596354166664
1 0.6552734375 0.5276692708333334 0.058013916015625 0.051188151041666664
1 0.9365234375 0.5830078125 0.042877197265625 0.054361979166666664
1 0.80859375 0.7350260416666666 0.05291748046875 0.052734375
1 0.403076171875 0.6305338541666666 0.045013427734375 0.061279296875
1 0.98046875 0.4095052083333333 0.03533935546875 0.042561848958333336
1 0.39794921875 0.69921875 0.045867919921875 0.07002766927083333
1 0.52099609375 0.6705729166666666 0.042022705078125 0.039449055989583336
1 0.83056640625 0.810546875 0.04986572265625 0.072265625
1 0.47607421875 0.8274739583333334 0.05511474609375 0.056111653645833336
