0 0.188730 0.342684 0.029035 0.037073
0 0.350271 0.385663 0.020423 0.035105
0 0.439469 0.448819 0.026083 0.023622
0 0.532234 0.430610 0.021161 0.029856
0 0.561147 0.475886 0.023868 0.022638
0 0.711491 0.637631 0.033219 0.032480
0 0.665477 0.626804 0.025344 0.030512
0 0.673844 0.659613 0.021900 0.028543
0 0.581816 0.616962 0.027805 0.033793
0 0.595842 0.721293 0.034203 0.044291
0 0.519685 0.643373 0.031988 0.038714
0 0.470349 0.684875 0.033219 0.036417
0 0.542815 0.715715 0.031496 0.048228
0 0.350640 0.628773 0.027067 0.036417
0 0.281988 0.668963 0.048228 0.049213
1 0.236344 0.353346 0.012549 0.012467
1 0.194636 0.367454 0.009843 0.009843
1 0.218873 0.396818 0.013533 0.010171
1 0.238189 0.399278 0.014272 0.011811
1 0.249754 0.366962 0.010335 0.016732
1 0.259350 0.360728 0.004921 0.011483
1 0.319267 0.378445 0.011565 0.010171
1 0.330709 0.384678 0.005413 0.012139
1 0.324311 0.363517 0.008858 0.011155
1 0.289739 0.360400 0.006644 0.009514
1 0.370940 0.404856 0.007628 0.009843
1 0.379798 0.413386 0.005659 0.008530
1 0.405635 0.400262 0.005659 0.006562
1 0.435901 0.420604 0.007628 0.009186
1 0.440576 0.432251 0.008120 0.007546
1 0.457431 0.446686 0.005413 0.009514
1 0.507505 0.418143 0.006644 0.007546
1 0.496432 0.469160 0.007136 0.008530
1 0.558317 0.436188 0.007874 0.009514
1 0.568159 0.437336 0.004429 0.007218
1 0.571973 0.458497 0.003199 0.007546
1 0.598425 0.443898 0.003937 0.004593
1 0.589690 0.462927 0.007136 0.006562
1 0.600763 0.470144 0.009104 0.011811
1 0.615157 0.466043 0.005906 0.010171
1 0.617987 0.455873 0.003691 0.006890
1 0.605930 0.493438 0.006644 0.009186
1 0.621063 0.625000 0.007382 0.011155
1 0.602977 0.636647 0.007136 0.007546
1 0.701033 0.732119 0.012303 0.010827
1 0.764395 0.715059 0.008612 0.015420
1 0.414493 0.582841 0.011073 0.012795
1 0.384719 0.571522 0.014026 0.011811
1 0.329970 0.621227 0.006890 0.018045
1 0.259596 0.611549 0.012303 0.007874
1 0.252215 0.603182 0.014272 0.007546
1 0.201772 0.544455 0.009350 0.012795
1 0.156742 0.545440 0.008366 0.011483
