1 0.8623046875 0.4599609375 0.044769287109375 0.046590169270833336
1 0.66064453125 0.4215494791666667 0.037109375 0.041361490885416664
1 0.56787109375 0.4886067708333333 0.0299224853515625 0.0450439453125
1 0.6015625 0.5709635416666666 0.039642333984375 0.053466796875
1 0.52685546875 0.6416015625 0.040679931640625 0.035746256510416664
1 0.658203125 0.666015625 0.03912353515625 0.055094401041666664
1 0.84326171875 0.5302734375 0.0364990234375 0.041056315104166664
1 0.70458984375 0.423828125 0.0416259765625 0.034932454427083336
1 0.347900390625 0.6005859375 0.0240020751953125 0.034159342447916664
1 0.82421875 0.6311848958333334 0.0460205078125 0.049397786458333336
1 0.931640625 0.5559895833333334 0.038909912109375 0.057820638020833336
1 0.80810546875 0.7057291666666666 0.052032470703125 0.047648111979166664
1 0.65966796875 0.5035807291666666 0.05389404296875 0.050821940104166664
1 0.4072265625 0.669921875 0.044769287109375 0.07002766927083333
1 0.411376953125 0.6025390625 0.0439453125 0.059366861979166664
1 0.984375 0.39453125 0.0297088623046875 0.043294270833333336
1 0.82666015625 0.7740885416666666 0.05126953125 0.068359375
1 0.482666015625 0.7493489583333334 0.035491943359375 0.0474853515625
1 0.75634765625 0.4768880208333333 0.0455322265625 0.039896647135416664
1 0.437255859375 0.7688802083333334 0.042083740234375 0.052652994791666664
1 0.486328125 0.7897135416666666 0.051666259765625 0.0567626953125
1 0.453125 0.5631510416666666 0.0144500732421875 0.03466796875
