1 0.39111328125 0.6409505208333334 0.0235595703125 0.041056315104166664
1 0.2724609375 0.6344401041666666 0.026763916015625 0.033772786458333336
1 0.1934814453125 0.6555989583333334 0.0310821533203125 0.027058919270833332
1 0.413330078125 0.5139973958333334 0.023956298828125 0.027587890625
1 0.37353515625 0.5094401041666666 0.033966064453125 0.031534830729166664
1 0.275146484375 0.6790364583333334 0.0252685546875 0.041219075520833336
1 0.2333984375 0.3880208333333333 0.02655029296875 0.03692626953125
1 0.53125 0.3893229166666667 0.0296478271484375 0.031473795572916664
1 0.219970703125 0.6494140625 0.023284912109375 0.0296630859375
1 0.332763671875 0.689453125 0.02947998046875 0.028767903645833332
1 0.37744140625 0.4016927083333333 0.0227203369140625 0.03692626953125
1 0.55419921875 0.5201822916666666 0.025665283203125 0.02593994140625
1 0.57373046875 0.4534505208333333 0.0268096923828125 0.03338623046875
1 0.599609375 0.4860026041666667 0.0223236083984375 0.03863525390625
1 0.59033203125 0.396484375 0.0230255126953125 0.024576822916666668
1 0.505859375 0.43359375 0.032470703125 0.040364583333333336
1 0.29736328125 0.3414713541666667 0.0215301513671875 0.017628987630208332
1 0.2476806640625 0.6881510416666666 0.027740478515625 0.043375651041666664
1 0.5625 0.4856770833333333 0.0219879150390625 0.032694498697916664
1 0.42431640625 0.4147135416666667 0.0318603515625 0.047200520833333336
1 0.34228515625 0.3668619791666667 0.018341064453125 0.012644449869791666
1 0.496337890625 0.4140625 0.02203369140625 0.03369140625
1 0.67578125 0.7591145833333334 0.023284912109375 0.02960205078125
1 0.2430419921875 0.5143229166666666 0.01348114013671875 0.0140380859375
1 0.44091796875 0.3600260416666667 0.0121002197265625 0.011484781901041666
1 0.6630859375 0.3929036458333333 0.017303466796875 0.020253499348958332
