1 0.76171875 0.5068359375 0.043701171875 0.040059407552083336
1 0.8466796875 0.5608723958333334 0.0364990234375 0.0419921875
1 0.6591796875 0.6966145833333334 0.04107666015625 0.051106770833333336
1 0.8671875 0.4918619791666667 0.044525146484375 0.046427408854166664
1 0.70654296875 0.4524739583333333 0.04168701171875 0.034342447916666664
1 0.6611328125 0.4505208333333333 0.035491943359375 0.041605631510416664
1 0.345458984375 0.6324869791666666 0.02447509765625 0.034871419270833336
1 0.8115234375 0.7395833333333334 0.05340576171875 0.050821940104166664
1 0.60546875 0.603515625 0.042816162109375 0.057373046875
1 0.409423828125 0.6337890625 0.043701171875 0.060343424479166664
1 0.9365234375 0.5872395833333334 0.042877197265625 0.052449544270833336
1 0.52587890625 0.6751302083333334 0.0439453125 0.0360107421875
1 0.56982421875 0.5192057291666666 0.0311431884765625 0.043538411458333336
1 0.405517578125 0.7044270833333334 0.04559326171875 0.07027180989583333
1 0.66357421875 0.5309244791666666 0.055511474609375 0.050699869791666664
1 0.83203125 0.8111979166666666 0.050140380859375 0.072265625
1 0.82861328125 0.6643880208333334 0.045196533203125 0.047200520833333336
1 0.984375 0.423828125 0.0282135009765625 0.036295572916666664
1 0.47998046875 0.7864583333333334 0.037261962890625 0.0489501953125
1 0.43310546875 0.8033854166666666 0.045684814453125 0.062296549479166664
1 0.482177734375 0.8294270833333334 0.055206298828125 0.05859375
