1 0.476806640625 0.7884114583333334 0.0240936279296875 0.041361490885416664
1 0.356201171875 0.7747395833333334 0.0244293212890625 0.032063802083333336
1 0.27734375 0.7916666666666666 0.0279541015625 0.025248209635416668
1 0.359375 0.8209635416666666 0.02386474609375 0.042805989583333336
1 0.4609375 0.6507161458333334 0.03656005859375 0.031819661458333336
1 0.49951171875 0.6569010416666666 0.0234222412109375 0.032246907552083336
1 0.30419921875 0.787109375 0.023651123046875 0.031046549479166668
1 0.387939453125 0.4791666666666667 0.018798828125 0.013987223307291666
1 0.64453125 0.66796875 0.0266571044921875 0.026590983072916668
1 0.41845703125 0.837890625 0.030914306640625 0.029093424479166668
1 0.326416015625 0.5201822916666666 0.0243377685546875 0.031819661458333336
1 0.431640625 0.5042317708333334 0.017242431640625 0.013661702473958334
1 0.33251953125 0.8287760416666666 0.0272674560546875 0.045450846354166664
1 0.67919921875 0.5439453125 0.023193359375 0.024495442708333332
1 0.61962890625 0.5319010416666666 0.0303802490234375 0.03363037109375
1 0.4658203125 0.5397135416666666 0.023468017578125 0.03692626953125
1 0.662109375 0.5986328125 0.02423095703125 0.033182779947916664
1 0.6513671875 0.6328125 0.0232391357421875 0.03692626953125
1 0.69140625 0.634765625 0.0241851806640625 0.040059407552083336
1 0.58349609375 0.5589192708333334 0.0236053466796875 0.039082845052083336
1 0.59326171875 0.576171875 0.03424072265625 0.039164225260416664
1 0.775390625 0.9264322916666666 0.022796630859375 0.03076171875
1 0.33154296875 0.6516927083333334 0.0121002197265625 0.015828450520833332
1 0.51171875 0.5524088541666666 0.03033447265625 0.047119140625
1 0.75439453125 0.5423177083333334 0.017913818359375 0.02056884765625
