0 0.229987 0.177534 0.057743 0.033711
0 0.263615 0.257382 0.083005 0.051673
0 0.382382 0.272638 0.082349 0.071358
0 0.513615 0.336860 0.079724 0.073327
0 0.253117 0.473056 0.074475 0.051427
0 0.193734 0.480561 0.044291 0.052165
0 0.322671 0.515502 0.073163 0.042815
0 0.369259 0.552165 0.061352 0.057579
0 0.202592 0.579109 0.075131 0.062254
0 0.347605 0.639518 0.077100 0.059547
0 0.220965 0.652313 0.066601 0.048228
0 0.309711 0.706078 0.088583 0.068159
0 0.245407 0.758366 0.088583 0.051181
0 0.181759 0.791462 0.062992 0.062254
0 0.352854 0.772638 0.071850 0.048720
0 0.404199 0.869464 0.101706 0.080955
1 0.263451 0.835384 0.022966 0.021654
1 0.252133 0.708538 0.016076 0.016978
1 0.251148 0.684424 0.020669 0.015010
1 0.295276 0.643086 0.024934 0.016486
1 0.336450 0.602608 0.021325 0.017224
1 0.325295 0.544168 0.019357 0.014518
1 0.377297 0.507382 0.021654 0.020669
1 0.242290 0.509227 0.012795 0.015010
1 0.330217 0.406742 0.015420 0.025098
1 0.478510 0.290231 0.014764 0.016978
