1 0.374267578125 0.7688802083333334 0.0241851806640625 0.032816569010416664
1 0.492431640625 0.7825520833333334 0.0215301513671875 0.040140787760416664
1 0.32373046875 0.77734375 0.02447509765625 0.03778076171875
1 0.295654296875 0.787109375 0.029083251953125 0.0272216796875
1 0.377197265625 0.8151041666666666 0.0240478515625 0.04248046875
1 0.47607421875 0.6461588541666666 0.033203125 0.031473795572916664
1 0.34423828125 0.5192057291666666 0.0239105224609375 0.0303955078125
1 0.515625 0.6526692708333334 0.023193359375 0.031229654947916668
1 0.43603515625 0.830078125 0.029754638671875 0.028279622395833332
1 0.350341796875 0.8229166666666666 0.027435302734375 0.045450846354166664
1 0.5986328125 0.5546875 0.022796630859375 0.037699381510416664
1 0.63427734375 0.5289713541666666 0.0296478271484375 0.031168619791666668
1 0.666015625 0.6285807291666666 0.022674560546875 0.034281412760416664
1 0.65966796875 0.6630859375 0.0252227783203125 0.02947998046875
1 0.6943359375 0.5403645833333334 0.023101806640625 0.02362060546875
1 0.481201171875 0.5364583333333334 0.02276611328125 0.035400390625
1 0.67724609375 0.5960286458333334 0.024383544921875 0.032511393229166664
1 0.404052734375 0.4768880208333333 0.0177764892578125 0.0140380859375
1 0.7060546875 0.6321614583333334 0.0240478515625 0.03863525390625
1 0.447021484375 0.501953125 0.0167236328125 0.012746175130208334
1 0.52685546875 0.5498046875 0.02886962890625 0.0452880859375
1 0.79052734375 0.919921875 0.0240936279296875 0.03057861328125
1 0.6083984375 0.5725911458333334 0.0318603515625 0.039164225260416664
1 0.76904296875 0.5390625 0.0177764892578125 0.020406087239583332
