1 0.40576171875 0.822265625 0.0225830078125 0.029886881510416668
1 0.505859375 0.8255208333333334 0.017913818359375 0.037841796875
1 0.3408203125 0.8430989583333334 0.022674560546875 0.026143391927083332
1 0.362060546875 0.8326822916666666 0.0209197998046875 0.033894856770833336
1 0.521484375 0.7109375 0.0189056396484375 0.02056884765625
1 0.410888671875 0.8606770833333334 0.01971435546875 0.037129720052083336
1 0.461181640625 0.8697916666666666 0.024749755859375 0.022298177083333332
1 0.4873046875 0.7083333333333334 0.026763916015625 0.025349934895833332
1 0.38720703125 0.869140625 0.023193359375 0.037841796875
1 0.37255859375 0.6110026041666666 0.0204925537109375 0.024861653645833332
1 0.48876953125 0.6181640625 0.0191650390625 0.02960205078125
1 0.67919921875 0.6848958333333334 0.0197906494140625 0.032063802083333336
1 0.64208984375 0.7141927083333334 0.021209716796875 0.020253499348958332
1 0.666015625 0.6080729166666666 0.019500732421875 0.020894368489583332
1 0.420654296875 0.5709635416666666 0.01262664794921875 0.01165771484375
1 0.65478515625 0.6559244791666666 0.019378662109375 0.028605143229166668
1 0.6171875 0.6022135416666666 0.0252685546875 0.028218587239583332
1 0.646484375 0.68359375 0.0191192626953125 0.026590983072916668
