0 0.158957 0.255085 0.035925 0.040354
0 0.340182 0.309055 0.028297 0.038714
0 0.441929 0.388123 0.020669 0.033465
0 0.533095 0.365322 0.022392 0.032480
0 0.549582 0.424049 0.019439 0.023294
0 0.569021 0.421260 0.021407 0.029528
0 0.722318 0.598097 0.035679 0.034121
0 0.676427 0.585302 0.025098 0.032808
0 0.686639 0.622047 0.027313 0.035433
0 0.591535 0.576608 0.030512 0.035761
0 0.610851 0.695374 0.037156 0.047572
0 0.556841 0.690617 0.035925 0.046588
0 0.528912 0.610236 0.036663 0.044619
0 0.483145 0.660105 0.033711 0.036089
0 0.351255 0.590223 0.028297 0.038058
0 0.279651 0.645177 0.055364 0.054134
1 0.131767 0.497867 0.012057 0.016076
1 0.242372 0.565453 0.013287 0.009514
1 0.250000 0.575787 0.012795 0.007874
1 0.416093 0.540354 0.011811 0.013780
1 0.629921 0.583661 0.007382 0.015748
1 0.612820 0.597441 0.007628 0.007874
1 0.716289 0.703740 0.009843 0.012467
1 0.776083 0.682415 0.009350 0.020341
1 0.761073 0.650098 0.011319 0.012795
1 0.165600 0.283793 0.009843 0.009186
1 0.214690 0.268373 0.014026 0.009843
1 0.228839 0.284613 0.011319 0.016076
1 0.238804 0.276739 0.006644 0.010171
1 0.195497 0.321030 0.015994 0.010827
1 0.215920 0.321850 0.012549 0.013123
1 0.272515 0.274442 0.005659 0.009514
1 0.310778 0.282808 0.006398 0.007874
1 0.306348 0.297244 0.011319 0.013123
1 0.316683 0.308563 0.007874 0.016076
1 0.361836 0.332513 0.006644 0.011483
1 0.372047 0.342684 0.009843 0.008858
1 0.363681 0.311024 0.005906 0.011155
1 0.358022 0.313320 0.005413 0.010499
1 0.408588 0.328576 0.005167 0.011483
1 0.399483 0.326444 0.006644 0.008530
1 0.401821 0.336942 0.007382 0.011811
1 0.420276 0.364501 0.009350 0.009843
1 0.432579 0.351542 0.007382 0.012139
1 0.424951 0.321522 0.004921 0.007218
1 0.436762 0.364993 0.009843 0.010171
1 0.422490 0.395177 0.008366 0.013451
1 0.455709 0.381398 0.004429 0.010827
1 0.467520 0.406168 0.007382 0.010499
1 0.506029 0.348425 0.009596 0.009843
1 0.560531 0.369751 0.008858 0.008530
1 0.565576 0.397802 0.010581 0.008202
1 0.592520 0.400755 0.006890 0.009514
1 0.603716 0.408629 0.009596 0.010171
1 0.618110 0.403871 0.005413 0.013123
1 0.609498 0.437008 0.008858 0.011155
1 0.574803 0.395669 0.005413 0.010499
