1 0.31000246062992126 0.6889402887139107 0.04052411417322836 0.052162073490813574
1 0.2995816929133858 0.7459580052493437 0.0436761811023622 0.06121391076115483
1 0.406003937007874 0.719242125984252 0.036909448818897635 0.03566601049868768
1 0.32111220472440943 0.8266633858267717 0.0375246062992126 0.045459317585301966
1 0.36075295275590546 0.8098458005249344 0.031294291338582636 0.03396653543307078
1 0.3650590551181102 0.8487631233595802 0.038061023622047205 0.041266404199474985
1 0.45344980314960626 0.588257874015748 0.02660433070866139 0.040269028871391006
1 0.4786712598425197 0.6595833333333334 0.03767716535433068 0.052506561679790086
1 0.4437992125984252 0.5063320209973753 0.028218503937007835 0.03799540682414696
1 0.5346112204724409 0.5318143044619422 0.03575541338582687 0.037290026246719114
1 0.5193848425196851 0.6008333333333333 0.029296259842519785 0.0367093175853018
1 0.5443774606299212 0.5993963254593176 0.017760826771653616 0.04368110236220468
1 0.5184251968503937 0.7363812335958004 0.036601870078740155 0.052723097112860835
1 0.5749040354330708 0.5354429133858267 0.032679625984252066 0.030600393700787397
1 0.6125442913385827 0.5791797900262466 0.036601870078740155 0.03441601049868769
1 0.7029330708661417 0.5685662729658792 0.03652312992125992 0.03205380577427815
1 0.6808267716535433 0.6227657480314961 0.035371555118110236 0.039563648293963305
1 0.760757874015748 0.6440452755905511 0.037753444881889836 0.04931758530183732
1 0.6642175196850394 0.7113057742782152 0.03783218503937008 0.041938976377952734
1 0.6444562007874016 0.7692880577427822 0.048134842519685014 0.04799540682414697
1 0.6563361220472441 0.8286909448818898 0.04667322834645676 0.06346128608923894
1 0.8799064960629921 0.6286909448818898 0.04475147637795273 0.044852362204724425
1 0.830501968503937 0.8389206036745408 0.04744340551181112 0.05931102362204716
1 0.8095103346456692 0.5099737532808399 0.038676181102362275 0.04446194225721784
