1 0.708984375 0.7037760416666666 0.054290771484375 0.047566731770833336
1 0.755859375 0.5270182291666666 0.0364990234375 0.03741455078125
1 0.481201171875 0.4765625 0.0284423828125 0.042317708333333336
1 0.78125 0.4554036458333333 0.043121337890625 0.047932942708333336
1 0.55908203125 0.6539713541666666 0.038116455078125 0.050130208333333336
1 0.42822265625 0.6292317708333334 0.0416259765625 0.037272135416666664
1 0.623046875 0.4134114583333333 0.041778564453125 0.031534830729166664
1 0.244873046875 0.5810546875 0.0279541015625 0.032368977864583336
1 0.57958984375 0.4085286458333333 0.03839111328125 0.040751139322916664
1 0.5126953125 0.5598958333333334 0.040374755859375 0.055094401041666664
1 0.84423828125 0.5553385416666666 0.040374755859375 0.056315104166666664
1 0.91162109375 0.3883463541666667 0.03253173828125 0.0396728515625
1 0.31201171875 0.5869140625 0.046478271484375 0.059366861979166664
1 0.302978515625 0.6539713541666666 0.047698974609375 0.0704345703125
1 0.724609375 0.7747395833333334 0.04876708984375 0.07108561197916667
1 0.92431640625 0.80078125 0.057708740234375 0.061971028645833336
1 0.9794921875 0.5439453125 0.0391845703125 0.0482177734375
1 0.966796875 0.7005208333333334 0.0262603759765625 0.041056315104166664
1 0.73193359375 0.6279296875 0.043701171875 0.050333658854166664
1 0.374267578125 0.5498046875 0.01406097412109375 0.03692626953125
