1 0.595703125 0.767578125 0.023101806640625 0.0389404296875
1 0.68994140625 0.6328125 0.0191192626953125 0.030863444010416668
1 0.74853515625 0.7213541666666666 0.020294189453125 0.020334879557291668
1 0.705078125 0.740234375 0.0242767333984375 0.025594075520833332
1 0.63671875 0.5224609375 0.02386474609375 0.034932454427083336
1 0.72216796875 0.6184895833333334 0.0302734375 0.025899251302083332
1 0.66748046875 0.9485677083333334 0.0240936279296875 0.043212890625
1 0.57373046875 0.9440104166666666 0.02215576171875 0.037353515625
1 0.402099609375 0.8912760416666666 0.023284912109375 0.023518880208333332
1 0.487060546875 0.6546223958333334 0.025177001953125 0.022562662760416668
1 0.43994140625 0.744140625 0.0214080810546875 0.026143391927083332
1 0.5859375 0.638671875 0.025421142578125 0.035481770833333336
1 0.4140625 0.724609375 0.0247039794921875 0.032694498697916664
1 0.6279296875 0.5670572916666666 0.022796630859375 0.0224609375
1 0.28369140625 0.671875 0.0218658447265625 0.032694498697916664
1 0.58056640625 0.525390625 0.020965576171875 0.030171712239583332
1 0.28955078125 0.7994791666666666 0.02691650390625 0.024820963541666668
1 0.6611328125 0.5390625 0.0200653076171875 0.022989908854166668
1 0.31640625 0.6783854166666666 0.0313720703125 0.038065592447916664
1 0.58154296875 0.6751302083333334 0.019989013671875 0.02593994140625
1 0.343017578125 0.95703125 0.0284423828125 0.032999674479166664
1 0.430908203125 0.6712239583333334 0.0201416015625 0.02203369140625
1 0.38232421875 0.5696614583333334 0.0201416015625 0.025166829427083332
1 0.483642578125 0.75 0.0191650390625 0.020172119140625
1 0.50048828125 0.6067708333333334 0.0174407958984375 0.019185384114583332
1 0.43994140625 0.6165364583333334 0.021209716796875 0.027119954427083332
1 0.50732421875 0.8411458333333334 0.0202484130859375 0.036580403645833336
1 0.458740234375 0.552734375 0.0171051025390625 0.0238037109375
1 0.7373046875 0.5686848958333334 0.02685546875 0.030924479166666668
1 0.4384765625 0.5400390625 0.0182647705078125 0.018819173177083332
1 0.54345703125 0.5836588541666666 0.023651123046875 0.0245361328125
1 0.55224609375 0.6181640625 0.021820068359375 0.02203369140625
1 0.320068359375 0.5758463541666666 0.0299835205078125 0.041524251302083336
1 0.359619140625 0.5485026041666666 0.0179901123046875 0.026143391927083332
1 0.484619140625 0.5716145833333334 0.0169830322265625 0.030924479166666668
1 0.406494140625 0.5686848958333334 0.01433563232421875 0.021870930989583332
1 0.70458984375 0.5078125 0.0170440673828125 0.022379557291666668
1 0.6865234375 0.5755208333333334 0.015777587890625 0.022806803385416668
