1 0.32234251968503935 0.5570406824146982 0.03304379921259842 0.03233923884514441
1 0.35749507874015746 0.5382906824146981 0.02390255905511808 0.04171259842519681
1 0.37630167322834646 0.5291535433070865 0.010898129921259833 0.03187007874015744
1 0.32656003937007877 0.5982841207349081 0.02671505905511815 0.0435892388451444
1 0.33447096456692915 0.6460925196850393 0.020740649606299205 0.040777559055118096
1 0.3546825787401575 0.6224212598425197 0.020388779527559086 0.03187007874015744
1 0.3657554133858268 0.5914895013123359 0.017928149606299244 0.03937007874015748
1 0.4534596456692913 0.5141535433070866 0.021793799212598466 0.04312007874015743
1 0.4460777559055118 0.5607906824146982 0.02671505905511815 0.02952755905511811
1 0.44080462598425196 0.5928937007874016 0.027418799212598384 0.03280839895013123
1 0.4362352362204724 0.6334350393700787 0.03304379921259842 0.033277559055118054
1 0.5028469488188976 0.6055479002624672 0.024958169291338542 0.03093503937007873
1 0.36153789370078737 0.7358464566929134 0.029175688976377994 0.03937007874015748
1 0.3908882874015748 0.7869324146981628 0.027418799212598384 0.04312007874015757
1 0.35415600393700786 0.8117749343832021 0.020036909448818856 0.035620078740157386
1 0.3520447834645669 0.8680150918635171 0.026363188976377922 0.04312007874015757
1 0.44713090551181106 0.7292847769028872 0.030231299212598456 0.044993438320210084
1 0.4729675196850394 0.7159251968503937 0.0172244094488189 0.040777559055118096
1 0.4998597440944882 0.7316272965879265 0.0224975393700787 0.02812007874015749
1 0.5044291338582677 0.8145866141732284 0.0302312992125984 0.04218175853018363
1 0.4801747047244095 0.931991469816273 0.030231299212598456 0.03983923884514445
1 0.5325516732283464 0.9045734908136482 0.02812253937007873 0.044993438320210084
1 0.5504773622047244 0.6193766404199474 0.022497539370078812 0.040777559055118096
1 0.5728001968503937 0.6833530183727035 0.02987942913385834 0.03562007874015746
1 0.5912549212598426 0.7949015748031496 0.032340059055118185 0.04312007874015757
1 0.6285162401574803 0.6404658792650919 0.03655757874015741 0.03233923884514441
1 0.6320300196850394 0.707253937007874 0.023201279527559047 0.04030839895013113
1 0.670169783464567 0.6498392388451444 0.030583169291338575 0.0435892388451444
1 0.6225393700787402 0.501266404199475 0.030231299212598345 0.03890091863517066
1 0.6527706692913386 0.5129822834645669 0.028823818897637875 0.030465879265091905
1 0.6951279527559056 0.5385269028871391 0.030583169291338575 0.02905839895013129
1 0.6636663385826771 0.553759842519685 0.02812253937007873 0.037962598425196864
1 0.7576993110236221 0.5914895013123359 0.036909448818897635 0.03655839895013118
1 0.7051451771653543 0.6789009186351705 0.035853838582677176 0.043589238845144325
1 0.7459227362204724 0.6578083989501312 0.028823818897637875 0.04265091863517061
1 0.6810679133858268 0.778497375328084 0.038314468503937014 0.044993438320210084
1 0.6177928149606299 0.7588123359580053 0.02987942913385834 0.03093503937007873
1 0.6532972440944882 0.8441141732283465 0.03198818897637795 0.044993438320210084
1 0.6192002952755905 0.9228543307086614 0.03339320866141733 0.05155511811023633
1 0.6656003937007874 0.943241469816273 0.03409694881889756 0.037027559055118
1 0.7251820866141732 0.7571719160104987 0.0379650590551181 0.040777559055118096
1 0.7431102362204725 0.7958366141732284 0.023201279527559047 0.03937007874015748
