0 0.170645 0.277887 0.032726 0.038714
0 0.345842 0.318570 0.025837 0.036745
0 0.445866 0.388780 0.023130 0.032152
0 0.537894 0.360564 0.023622 0.031496
0 0.555979 0.421096 0.017470 0.020669
0 0.573204 0.414698 0.019931 0.028215
0 0.728469 0.579724 0.034695 0.035433
0 0.682087 0.571522 0.027559 0.031496
0 0.693159 0.605643 0.028543 0.035433
0 0.595719 0.566601 0.030512 0.034121
0 0.532480 0.603510 0.035925 0.042323
0 0.484129 0.655676 0.032726 0.041010
0 0.557825 0.681759 0.036909 0.048556
0 0.612328 0.681594 0.038140 0.044948
0 0.355561 0.594980 0.028543 0.039698
0 0.287402 0.647638 0.051673 0.051181
1 0.146531 0.514272 0.010089 0.015420
1 0.252830 0.573491 0.015502 0.007874
1 0.259966 0.581857 0.011073 0.010171
1 0.334523 0.588255 0.008120 0.022310
1 0.421875 0.539534 0.011073 0.013451
1 0.635335 0.570866 0.007382 0.015092
1 0.617495 0.585794 0.008120 0.007546
1 0.719857 0.686024 0.011073 0.013123
1 0.766855 0.630249 0.013041 0.012467
1 0.782234 0.661253 0.009843 0.016076
1 0.796629 0.692585 0.012549 0.017060
1 0.176427 0.305282 0.013287 0.010171
1 0.223179 0.287073 0.015256 0.011155
1 0.237697 0.302493 0.010827 0.016404
1 0.279651 0.289206 0.005659 0.010827
1 0.206324 0.339075 0.014518 0.008858
1 0.225886 0.339239 0.010827 0.012467
1 0.312992 0.308399 0.012795 0.012467
1 0.324311 0.319062 0.007874 0.014764
1 0.363558 0.321030 0.005659 0.008858
1 0.370325 0.319390 0.006890 0.010827
1 0.377707 0.348753 0.009350 0.007218
1 0.413755 0.331365 0.004675 0.010499
1 0.404528 0.329724 0.006398 0.010499
1 0.407234 0.341207 0.007382 0.011811
1 0.437746 0.352690 0.008858 0.011155
1 0.441560 0.366798 0.010581 0.009843
1 0.426181 0.397802 0.007382 0.011483
1 0.460138 0.380577 0.005413 0.013123
1 0.502215 0.405020 0.008858 0.010827
1 0.511319 0.345144 0.009350 0.009843
1 0.521654 0.416995 0.005413 0.012467
1 0.565576 0.361877 0.007136 0.009186
1 0.571112 0.390256 0.008366 0.008202
1 0.597318 0.391568 0.006644 0.008858
1 0.609990 0.398786 0.008858 0.010827
1 0.616634 0.425689 0.007382 0.010827
