1 0.3469488188976378 0.5833333333333334 0.045275590551181105 0.06692913385826772
1 0.34448818897637795 0.6535433070866141 0.051181102362204724 0.07217847769028872
1 0.46186023622047245 0.6263123359580053 0.04478346456692913 0.04265091863517061
1 0.3661417322834646 0.743766404199475 0.04822834645669291 0.0557742782152231
1 0.4168307086614173 0.777230971128609 0.04429133858267716 0.05446194225721785
1 0.4111712598425197 0.7263779527559056 0.03789370078740158 0.045931758530183726
1 0.5130413385826772 0.4786745406824147 0.034940944881889764 0.0531496062992126
1 0.5408464566929134 0.5603674540682415 0.04429133858267716 0.05774278215223097
1 0.5873523622047244 0.6541994750656168 0.03986220472440945 0.05643044619422572
1 0.49926181102362205 0.3795931758530184 0.036909448818897635 0.045275590551181105
1 0.6067913385826772 0.41338582677165353 0.04330708661417323 0.047244094488188976
1 0.6520669291338582 0.4199475065616798 0.04232283464566929 0.04068241469816273
1 0.6978346456692913 0.4730971128608924 0.04625984251968504 0.04199475065616798
1 0.5888287401574803 0.494750656167979 0.0359251968503937 0.051181102362204724
1 0.6208169291338582 0.4954068241469816 0.025098425196850394 0.049868766404199474
1 0.8058562992125984 0.4681758530183727 0.04478346456692913 0.046587926509186355
1 0.781742125984252 0.530511811023622 0.036909448818897635 0.045275590551181105
1 0.7568897637795275 0.6305774278215223 0.04822834645669291 0.05643044619422572
1 0.8678641732283464 0.5580708661417323 0.04478346456692913 0.0688976377952756
1 0.9470964566929134 0.7959317585301837 0.06053149606299212 0.06430446194225722
1 0.7367125984251969 0.7004593175853019 0.060039370078740155 0.0583989501312336
1 0.74876968503937 0.7690288713910761 0.05364173228346457 0.07742782152230972
1 0.9306102362204725 0.39993438320209973 0.051181102362204724 0.0583989501312336
1 0.2835875984251969 0.578248031496063 0.043061023622047244 0.04757217847769029
