0 0.382874 0.199557 0.037402 0.046752
0 0.337434 0.257136 0.052165 0.038386
0 0.307087 0.295891 0.047244 0.029281
0 0.455873 0.221580 0.053478 0.022392
0 0.471129 0.245325 0.040026 0.019193
0 0.466207 0.302657 0.037402 0.035433
0 0.414862 0.364173 0.046916 0.030020
0 0.275262 0.364419 0.043307 0.024606
0 0.320866 0.350886 0.025591 0.025098
0 0.349245 0.339690 0.023294 0.039124
0 0.332021 0.376599 0.047900 0.019439
0 0.287238 0.404281 0.044948 0.026575
0 0.368766 0.445989 0.054462 0.037648
0 0.438976 0.430118 0.048556 0.031004
0 0.294783 0.523991 0.042323 0.024852
0 0.244751 0.518455 0.035433 0.035433
0 0.252953 0.562623 0.059055 0.039616
0 0.285925 0.604208 0.045604 0.043061
0 0.310039 0.845965 0.060367 0.045276
0 0.378117 0.796752 0.060039 0.037402
0 0.254921 0.799582 0.042651 0.034203
0 0.271654 0.757874 0.045932 0.046752
0 0.230807 0.757259 0.033136 0.042077
0 0.310039 0.712844 0.047244 0.019193
0 0.725394 0.743356 0.062992 0.052657
0 0.610564 0.743356 0.049869 0.042323
0 0.634186 0.837721 0.074147 0.050443
0 0.690945 0.792323 0.074803 0.038878
0 0.741306 0.852362 0.069882 0.038878
0 0.635335 0.594242 0.062664 0.038878
0 0.700951 0.633735 0.063976 0.031742
0 0.745899 0.674705 0.042979 0.041339
0 0.900098 0.513533 0.067257 0.054134
0 0.758202 0.441683 0.063648 0.051181
0 0.651411 0.420276 0.059383 0.041339
0 0.686680 0.285802 0.051181 0.026821
0 0.747867 0.197219 0.044291 0.036171
1 0.407972 0.467028 0.012795 0.010335
1 0.327264 0.469611 0.011483 0.013041
1 0.302657 0.555979 0.016076 0.014518
1 0.325295 0.560655 0.010827 0.014026
1 0.209646 0.657111 0.019029 0.012549
1 0.369259 0.655020 0.015420 0.016732
1 0.298392 0.795891 0.019357 0.014026
1 0.296916 0.812992 0.012467 0.013287
1 0.202100 0.810039 0.013780 0.011811
1 0.303806 0.775468 0.011811 0.015994
1 0.629757 0.792815 0.018045 0.017224
1 0.631726 0.773991 0.021325 0.014518
1 0.672244 0.742495 0.026903 0.015994
1 0.639108 0.900714 0.021654 0.017963
1 0.712106 0.710384 0.020669 0.011811
1 0.622703 0.623031 0.019029 0.013780
1 0.702920 0.545276 0.016732 0.017717
1 0.682087 0.470226 0.021654 0.011811
1 0.855315 0.469119 0.015748 0.019439
1 0.649606 0.317544 0.017717 0.017470
1 0.899114 0.123770 0.020013 0.016240
1 0.388451 0.248524 0.011811 0.015256
1 0.450623 0.338337 0.017388 0.016732
1 0.416995 0.393824 0.009843 0.011565
1 0.392881 0.419783 0.023950 0.010827
1 0.191765 0.327141 0.020013 0.010089
