1 0.469970703125 0.7265625 0.03594970703125 0.033182779947916664
1 0.509765625 0.7356770833333334 0.0257568359375 0.038065592447916664
1 0.31298828125 0.87109375 0.0241851806640625 0.032185872395833336
1 0.286376953125 0.8776041666666666 0.02947998046875 0.030985514322916668
1 0.486083984375 0.8717447916666666 0.022979736328125 0.03369140625
1 0.365234375 0.859375 0.0252227783203125 0.027791341145833332
1 0.6572265625 0.7421875 0.0271759033203125 0.029256184895833332
1 0.673828125 0.6712239583333334 0.0252685546875 0.035542805989583336
1 0.33447265625 0.5973307291666666 0.025665283203125 0.036641438802083336
1 0.6630859375 0.7063802083333334 0.0229339599609375 0.038065592447916664
1 0.68994140625 0.6119791666666666 0.023284912109375 0.02398681640625
1 0.368408203125 0.904296875 0.0237274169921875 0.044718424479166664
1 0.428955078125 0.919921875 0.030670166015625 0.0283203125
1 0.6298828125 0.6025390625 0.0305633544921875 0.031473795572916664
1 0.70703125 0.7076822916666666 0.0294189453125 0.041056315104166664
1 0.474853515625 0.6123046875 0.0235137939453125 0.03643798828125
1 0.342041015625 0.9147135416666666 0.026702880859375 0.0467529296875
1 0.39453125 0.5533854166666666 0.0162811279296875 0.010381062825520834
1 0.52099609375 0.6266276041666666 0.032958984375 0.0482177734375
1 0.439453125 0.5768229166666666 0.017578125 0.013041178385416666
1 0.339111328125 0.732421875 0.01111602783203125 0.016764322916666668
1 0.767578125 0.611328125 0.0184326171875 0.021036783854166668
1 0.5927734375 0.6279296875 0.0245208740234375 0.036641438802083336
1 0.60595703125 0.6481119791666666 0.03271484375 0.0396728515625
1 0.57763671875 0.5791015625 0.00800323486328125 0.011220296223958334
