1 0.3271484375 0.6927083333333334 0.0205230712890625 0.031290690104166664
1 0.1624755859375 0.5826822916666666 0.0234222412109375 0.018971761067708332
1 0.421142578125 0.5377604166666666 0.0193023681640625 0.018747965494791668
1 0.2176513671875 0.5813802083333334 0.01024627685546875 0.008351643880208334
1 0.265380859375 0.5439453125 0.01971435546875 0.026448567708333332
1 0.344970703125 0.6103515625 0.011871337890625 0.02001953125
1 0.3994140625 0.658203125 0.0082550048828125 0.013661702473958334
1 0.485595703125 0.5498046875 0.0089874267578125 0.010223388671875
1 0.60498046875 0.31884765625 0.0165252685546875 0.028706868489583332
1 0.2452392578125 0.6328125 0.0082855224609375 0.0082550048828125
1 0.49267578125 0.3006184895833333 0.021087646484375 0.013295491536458334
