1 0.5263671875 0.7272135416666666 0.01029205322265625 0.019938151041666668
1 0.78466796875 0.9557291666666666 0.0283355712890625 0.025594075520833332
1 0.587890625 0.9733072916666666 0.0144500732421875 0.016642252604166668
1 0.626953125 0.6207682291666666 0.031494140625 0.048828125
1 0.7841796875 0.9869791666666666 0.0191192626953125 0.025248209635416668
1 0.46826171875 0.6324869791666666 0.03656005859375 0.0567626953125
1 0.9033203125 0.9075520833333334 0.01085662841796875 0.013142903645833334
1 0.505859375 0.9885406494140625 0.03228759765625 0.022918701171875
1 0.92333984375 0.9173177083333334 0.00818634033203125 0.019266764322916668
1 0.958984375 0.9739583333333334 0.007038116455078125 0.013936360677083334
1 0.448486328125 0.5940755208333334 0.006072998046875 0.016316731770833332
1 0.96435546875 0.501953125 0.03204345703125 0.040364583333333336
1 0.46728515625 0.716796875 0.0271759033203125 0.026285807291666668
1 0.53564453125 0.6142578125 0.0102081298828125 0.0118408203125
1 0.552734375 0.9453125 0.006072998046875 0.0089569091796875
1 0.72119140625 0.7161458333333334 0.00905609130859375 0.009241739908854166
