1 0.81640625 0.9401041666666666 0.03125 0.036702473958333336
1 0.5146484375 0.8626302083333334 0.036346435546875 0.037923177083333336
1 0.86669921875 0.9049479166666666 0.027587890625 0.030110677083333332
1 0.810546875 0.7721354166666666 0.042083740234375 0.035746256510416664
1 0.77734375 0.7981770833333334 0.0257110595703125 0.045817057291666664
1 0.4208984375 0.9791666666666666 0.033782958984375 0.041056315104166664
1 0.59912109375 0.7981770833333334 0.036773681640625 0.041280110677083336
1 0.64501953125 0.822265625 0.0386962890625 0.048299153645833336
1 0.43994140625 0.8177083333333334 0.031982421875 0.036580403645833336
1 0.271484375 0.9290364583333334 0.046478271484375 0.060017903645833336
1 0.67626953125 0.6634114583333334 0.0321044921875 0.0462646484375
1 0.67919921875 0.986328125 0.02691650390625 0.026285807291666668
1 0.489501953125 0.7526041666666666 0.021942138671875 0.03466796875
1 0.71240234375 0.6809895833333334 0.025909423828125 0.02752685546875
1 0.60888671875 0.67578125 0.0222930908203125 0.036092122395833336
1 0.6474609375 0.873046875 0.0283355712890625 0.041605631510416664
1 0.67822265625 0.7200520833333334 0.0310821533203125 0.032368977864583336
1 0.321044921875 0.740234375 0.02044677734375 0.03350830078125
1 0.45361328125 0.7298177083333334 0.022796630859375 0.031595865885416664
1 0.26611328125 0.7845052083333334 0.039947509765625 0.060017903645833336
1 0.5712890625 0.7545572916666666 0.0301513671875 0.0369873046875
1 0.130126953125 0.8932291666666666 0.0197601318359375 0.034077962239583336
1 0.42529296875 0.7135416666666666 0.0230712890625 0.024312337239583332
1 0.257568359375 0.8287760416666666 0.0294189453125 0.03594970703125
1 0.35302734375 0.765625 0.027069091796875 0.035074869791666664
1 0.296142578125 0.8138020833333334 0.0304412841796875 0.0374755859375
1 0.76025390625 0.6647135416666666 0.0294189453125 0.037841796875
1 0.40185546875 0.79296875 0.0207672119140625 0.033182779947916664
1 0.404052734375 0.7701822916666666 0.0240020751953125 0.030049641927083332
1 0.80810546875 0.7044270833333334 0.04742431640625 0.042887369791666664
1 0.42333984375 0.8515625 0.034698486328125 0.038126627604166664
1 0.68701171875 0.748046875 0.035736083984375 0.028483072916666668
1 0.70458984375 0.7623697916666666 0.0179901123046875 0.042887369791666664
1 0.306884765625 0.783203125 0.0258026123046875 0.0369873046875
1 0.7529296875 0.7057291666666666 0.0258026123046875 0.056233723958333336
1 0.3857421875 0.7591145833333334 0.0181884765625 0.029825846354166668
1 0.521484375 0.791015625 0.0268096923828125 0.03350830078125
1 0.53564453125 0.7278645833333334 0.029083251953125 0.039082845052083336
1 0.75830078125 0.640625 0.0238189697265625 0.02569580078125
