1 0.4029947916666667 0.2548828125 0.0504150390625 0.0345458984375
1 0.4303385416666667 0.548828125 0.034016927083333336 0.03155517578125
1 0.3473307291666667 0.5283203125 0.048746744791666664 0.03448486328125
1 0.2532552083333333 0.50439453125 0.043782552083333336 0.033966064453125
1 0.4384765625 0.468505859375 0.048380533854166664 0.038818359375
1 0.2470703125 0.252685546875 0.043782552083333336 0.051849365234375
1 0.4104817708333333 0.05889892578125 0.0489501953125 0.037811279296875
1 0.29736328125 0.51220703125 0.048746744791666664 0.029815673828125
1 0.23844401041666666 0.307861328125 0.0458984375 0.0369873046875
1 0.30126953125 0.5693359375 0.052571614583333336 0.03753662109375
1 0.3899739583333333 0.319580078125 0.06453450520833333 0.04595947265625
1 0.3929036458333333 0.420654296875 0.060791015625 0.03424072265625
1 0.4541015625 0.2034912109375 0.020334879557291668 0.024932861328125
1 0.22932942708333334 0.078369140625 0.022989908854166668 0.0143890380859375
1 0.026448567708333332 0.01956939697265625 0.034159342447916664 0.0391387939453125
1 0.032877604166666664 0.05718994140625 0.018463134765625 0.024566650390625
1 0.4632161458333333 0.398681640625 0.014424641927083334 0.01132965087890625
1 0.3694661458333333 0.43505859375 0.0523681640625 0.04620361328125
1 0.20377604166666666 0.222900390625 0.014821370442708334 0.01395416259765625
1 0.4404296875 0.64794921875 0.027791341145833332 0.0243377685546875
