1 0.40869140625 0.6608072916666666 0.02337646484375 0.040506998697916664
1 0.2919921875 0.6484375 0.02655029296875 0.031880696614583336
1 0.2127685546875 0.6663411458333334 0.0293121337890625 0.026997884114583332
1 0.29345703125 0.6927083333333334 0.0241851806640625 0.0419921875
1 0.351806640625 0.70703125 0.0282135009765625 0.026997884114583332
1 0.25634765625 0.4007161458333333 0.0292510986328125 0.032633463541666664
1 0.2393798828125 0.6575520833333334 0.0232391357421875 0.035481770833333336
1 0.432861328125 0.53515625 0.0234222412109375 0.029825846354166668
1 0.400634765625 0.4208984375 0.0247039794921875 0.036641438802083336
1 0.393798828125 0.529296875 0.0322265625 0.031412760416666664
1 0.44580078125 0.4345703125 0.03143310546875 0.0484619140625
1 0.26708984375 0.7005208333333334 0.0274810791015625 0.044637044270833336
1 0.320556640625 0.3587239583333333 0.019195556640625 0.014760335286458334
1 0.55419921875 0.4134114583333333 0.03167724609375 0.03350830078125
1 0.6201171875 0.5133463541666666 0.024566650390625 0.0389404296875
1 0.5927734375 0.4794921875 0.02532958984375 0.034016927083333336
1 0.58056640625 0.5120442708333334 0.0230255126953125 0.03594970703125
1 0.365234375 0.384765625 0.0171051025390625 0.012847900390625
1 0.69189453125 0.7923177083333334 0.0233306884765625 0.029093424479166668
1 0.61181640625 0.4241536458333333 0.023773193359375 0.024922688802083332
1 0.572265625 0.5445963541666666 0.0240936279296875 0.02655029296875
1 0.5244140625 0.4475911458333333 0.03448486328125 0.055908203125
1 0.265380859375 0.5289713541666666 0.01177978515625 0.015645345052083332
1 0.73486328125 0.7239583333333334 0.00757598876953125 0.012166341145833334
1 0.57275390625 0.859375 0.0116424560546875 0.015828450520833332
