0 0.380906 0.202879 0.039370 0.044045
0 0.336778 0.258366 0.052822 0.037894
0 0.305610 0.298720 0.046916 0.029035
0 0.452920 0.227485 0.045604 0.027313
0 0.463255 0.305241 0.035433 0.037156
0 0.434547 0.432702 0.038386 0.034695
0 0.412238 0.367372 0.046916 0.030512
0 0.365978 0.445743 0.054790 0.040600
0 0.282972 0.404774 0.046916 0.032972
0 0.276903 0.369341 0.036089 0.022638
0 0.320046 0.355315 0.027231 0.025591
0 0.292651 0.530266 0.041995 0.030020
0 0.250820 0.565330 0.056102 0.037156
0 0.284285 0.608883 0.042979 0.045522
0 0.309383 0.849409 0.062336 0.048720
0 0.375000 0.802288 0.057087 0.038632
0 0.256726 0.804011 0.044291 0.033219
0 0.268209 0.761319 0.045604 0.047244
0 0.227034 0.761811 0.030184 0.042323
0 0.338583 0.737943 0.064304 0.030512
0 0.625984 0.841535 0.070210 0.048228
0 0.745571 0.856668 0.084318 0.037156
0 0.689633 0.793922 0.070210 0.038140
0 0.720472 0.746309 0.057087 0.050197
0 0.608432 0.746924 0.049541 0.042569
0 0.744259 0.675689 0.048228 0.045768
0 0.698491 0.636319 0.063648 0.028051
0 0.632710 0.597810 0.060696 0.037648
0 0.896982 0.517224 0.064304 0.053150
0 0.759678 0.445620 0.073819 0.052657
0 0.649934 0.425566 0.062992 0.043553
0 0.685203 0.289247 0.053478 0.026329
0 0.748852 0.200664 0.052165 0.036663
0 0.659613 0.203371 0.042323 0.020915
0 0.899934 0.177534 0.059711 0.038632
0 0.682251 0.134104 0.054134 0.045276
1 0.637139 0.905389 0.021654 0.018947
1 0.629757 0.797121 0.016076 0.015502
1 0.630413 0.776452 0.020013 0.014026
1 0.671260 0.745694 0.024278 0.015994
1 0.708990 0.713583 0.026247 0.013287
1 0.620571 0.625861 0.015420 0.014518
1 0.701608 0.549336 0.018045 0.016978
1 0.679626 0.473302 0.027231 0.013533
1 0.622375 0.391240 0.013123 0.018209
1 0.896161 0.128076 0.022638 0.017963
1 0.295276 0.799705 0.019685 0.014764
1 0.296260 0.815576 0.013123 0.013041
1 0.201280 0.815084 0.014764 0.014026
1 0.368274 0.658834 0.016732 0.017963
1 0.208169 0.660556 0.019357 0.014518
1 0.300361 0.559670 0.016076 0.014518
1 0.322999 0.563361 0.013451 0.014026
1 0.325623 0.473548 0.013451 0.013041
1 0.645505 0.321358 0.015420 0.017224
