0 0.141486 0.269849 0.033957 0.042323
0 0.323696 0.309055 0.028297 0.039370
0 0.423351 0.381398 0.027313 0.033793
0 0.519070 0.352198 0.023868 0.031824
0 0.537771 0.413550 0.020423 0.023294
0 0.554380 0.405184 0.020669 0.026903
0 0.711122 0.570866 0.033957 0.032808
0 0.665723 0.564633 0.026329 0.030184
0 0.674582 0.597441 0.024360 0.034121
0 0.577879 0.559875 0.032726 0.033793
0 0.515748 0.599409 0.036909 0.043307
0 0.466781 0.654035 0.032972 0.040354
0 0.542938 0.679626 0.034695 0.050853
0 0.596949 0.681102 0.034941 0.051837
0 0.334892 0.594160 0.032480 0.042651
0 0.264272 0.649442 0.052165 0.051509
1 0.118479 0.514600 0.011565 0.016076
1 0.227362 0.572507 0.015748 0.008530
1 0.236959 0.582349 0.012303 0.009843
1 0.402067 0.537073 0.012303 0.009843
1 0.148991 0.297900 0.010089 0.013123
1 0.195866 0.278707 0.013780 0.013451
1 0.179503 0.332513 0.014518 0.009514
1 0.199557 0.333169 0.013780 0.012139
1 0.211614 0.293963 0.012303 0.015092
1 0.254060 0.281496 0.004675 0.009186
1 0.288509 0.301345 0.012057 0.012795
1 0.299951 0.310203 0.006890 0.015420
1 0.346211 0.329888 0.006398 0.009514
1 0.346088 0.308563 0.005659 0.011483
1 0.416462 0.344160 0.006644 0.009843
1 0.356053 0.340879 0.010335 0.008530
1 0.392347 0.322835 0.005167 0.009843
1 0.382751 0.321358 0.006152 0.012139
1 0.385704 0.333661 0.007628 0.011155
1 0.403666 0.360400 0.008120 0.010827
1 0.420768 0.358268 0.009843 0.010499
1 0.406250 0.390256 0.005906 0.010827
1 0.440576 0.374016 0.005659 0.011811
1 0.483022 0.398458 0.007874 0.008202
1 0.502830 0.410433 0.006644 0.011811
1 0.491634 0.336942 0.010335 0.008530
1 0.591289 0.390420 0.010335 0.011155
1 0.597318 0.418143 0.009596 0.008858
1 0.546260 0.355315 0.010827 0.011811
1 0.619218 0.563812 0.007628 0.012795
1 0.601378 0.579888 0.011319 0.009514
1 0.765625 0.653051 0.008612 0.014764
1 0.750861 0.623031 0.011565 0.010499
1 0.781496 0.682907 0.014272 0.015420
1 0.705217 0.677822 0.011319 0.013123
1 0.649606 0.416175 0.008366 0.010171
