1 0.1807861328125 0.3916015625 0.0237274169921875 0.029541015625
1 0.1417236328125 0.5966796875 0.0234222412109375 0.021708170572916668
1 0.24365234375 0.5579427083333334 0.01953125 0.027425130208333332
1 0.293701171875 0.3912760416666667 0.0210418701171875 0.03350830078125
1 0.468505859375 0.3181966145833333 0.0222015380859375 0.014312744140625
1 0.197021484375 0.5944010416666666 0.00981903076171875 0.0082244873046875
1 0.32373046875 0.6240234375 0.01129150390625 0.016316731770833332
1 0.399169921875 0.5498046875 0.01898193359375 0.018819173177083332
1 0.305419921875 0.7063802083333334 0.0194549560546875 0.02398681640625
1 0.1378173828125 0.6907552083333334 0.00963592529296875 0.007013956705729167
