0 0.246391 0.170891 0.054462 0.033711
0 0.279199 0.250000 0.081365 0.050197
0 0.396490 0.266240 0.079068 0.069390
1 0.607448 0.130536 0.031824 0.020423
0 0.525262 0.328986 0.076115 0.068898
1 0.491306 0.284203 0.014764 0.020669
0 0.269193 0.466043 0.074475 0.051673
0 0.208825 0.471211 0.046260 0.053150
0 0.336778 0.502830 0.071850 0.042569
0 0.382218 0.542323 0.058399 0.055118
0 0.219160 0.568159 0.070210 0.060039
0 0.238845 0.640133 0.068241 0.048967
0 0.361549 0.626599 0.076772 0.059301
0 0.320538 0.688853 0.088583 0.061270
0 0.260499 0.747293 0.085958 0.051181
0 0.198491 0.778051 0.055774 0.064961
0 0.368602 0.758243 0.064633 0.045522
0 0.414534 0.854700 0.107283 0.081939
1 0.278051 0.821604 0.021325 0.018701
1 0.265912 0.696235 0.016732 0.020915
1 0.266076 0.671629 0.016404 0.014026
1 0.309383 0.630167 0.022966 0.016240
1 0.348753 0.590428 0.025591 0.015502
1 0.340551 0.533588 0.019685 0.014026
