1 0.38037109375 0.8704427083333334 0.0224151611328125 0.0303955078125
1 0.48828125 0.8743489583333334 0.0196380615234375 0.035400390625
1 0.310302734375 0.8912760416666666 0.025177001953125 0.025838216145833332
1 0.468994140625 0.7486979166666666 0.029754638671875 0.033243815104166664
1 0.385009765625 0.912109375 0.0211181640625 0.037699381510416664
1 0.33349609375 0.884765625 0.0217742919921875 0.026896158854166668
1 0.5126953125 0.751953125 0.02655029296875 0.029764811197916668
1 0.438232421875 0.921875 0.027069091796875 0.0245361328125
1 0.47119140625 0.6471354166666666 0.0221099853515625 0.031168619791666668
1 0.66015625 0.6370442708333334 0.02056884765625 0.020802815755208332
1 0.344970703125 0.6396484375 0.0220794677734375 0.027628580729166668
1 0.57470703125 0.6539713541666666 0.0199127197265625 0.030293782552083332
1 0.6337890625 0.7532552083333334 0.0221099853515625 0.0250244140625
1 0.67529296875 0.7200520833333334 0.0247955322265625 0.0369873046875
1 0.361572265625 0.9205729166666666 0.0243377685546875 0.042073567708333336
1 0.6474609375 0.6888020833333334 0.0218658447265625 0.031697591145833336
1 0.60693359375 0.630859375 0.0268096923828125 0.026997884114583332
1 0.638671875 0.7200520833333334 0.021331787109375 0.032185872395833336
1 0.3525390625 0.7591145833333334 0.0119171142578125 0.017293294270833332
1 0.5107421875 0.6572265625 0.02947998046875 0.041524251302083336
1 0.7255859375 0.6328125 0.015899658203125 0.018463134765625
1 0.58544921875 0.6725260416666666 0.0296478271484375 0.034281412760416664
1 0.396484375 0.5979817708333334 0.013275146484375 0.009755452473958334
1 0.75927734375 0.9778645833333334 0.020599365234375 0.02752685546875
1 0.437744140625 0.6171875 0.0153045654296875 0.011617024739583334
