1 0.39501953125 0.826171875 0.02069091796875 0.029947916666666668
1 0.350830078125 0.8372395833333334 0.0217742919921875 0.031697591145833336
1 0.496337890625 0.8294270833333334 0.018096923828125 0.037211100260416664
1 0.51123046875 0.7141927083333334 0.0196380615234375 0.02178955078125
1 0.329345703125 0.84765625 0.0236968994140625 0.024495442708333332
1 0.3994140625 0.865234375 0.02044677734375 0.035400390625
1 0.361083984375 0.6162109375 0.020294189453125 0.027689615885416668
1 0.44921875 0.8723958333333334 0.026153564453125 0.025166829427083332
1 0.476806640625 0.7122395833333334 0.02752685546875 0.027262369791666668
1 0.377197265625 0.875 0.023773193359375 0.037984212239583336
1 0.66845703125 0.6848958333333334 0.019012451171875 0.03338623046875
1 0.41015625 0.5751953125 0.01512908935546875 0.011749267578125
1 0.6357421875 0.6861979166666666 0.019012451171875 0.0306396484375
1 0.63134765625 0.7161458333333334 0.0214080810546875 0.02154541015625
1 0.60546875 0.6044921875 0.024566650390625 0.0272216796875
1 0.4775390625 0.6207682291666666 0.01763916015625 0.02972412109375
1 0.75 0.921875 0.020172119140625 0.027262369791666668
1 0.6435546875 0.6575520833333334 0.019989013671875 0.02886962890625
1 0.6552734375 0.6097005208333334 0.01983642578125 0.021952311197916668
1 0.57666015625 0.6279296875 0.0186920166015625 0.029541015625
1 0.44775390625 0.5934244791666666 0.01422882080078125 0.010670979817708334
1 0.65625 0.9850260416666666 0.010986328125 0.013142903645833334
