1 0.6943359375 0.474609375 0.0352783203125 0.036783854166666664
1 0.8017578125 0.4619140625 0.042236328125 0.04248046875
1 0.77685546875 0.53125 0.03582763671875 0.039306640625
1 0.58349609375 0.6516927083333334 0.036895751953125 0.051188151041666664
1 0.50537109375 0.4791666666666667 0.02752685546875 0.042236328125
1 0.72998046875 0.7024739583333334 0.05126953125 0.0467529296875
1 0.53369140625 0.5595703125 0.03839111328125 0.0552978515625
1 0.6005859375 0.4137369791666667 0.035736083984375 0.038859049479166664
1 0.7529296875 0.6282552083333334 0.043853759765625 0.051472981770833336
1 0.64697265625 0.4192708333333333 0.03912353515625 0.03057861328125
1 0.8662109375 0.556640625 0.040679931640625 0.0584716796875
1 0.340576171875 0.5852864583333334 0.03839111328125 0.0595703125
1 0.27880859375 0.5784505208333334 0.0274810791015625 0.031880696614583336
1 0.94384765625 0.7994791666666666 0.056121826171875 0.06103515625
1 0.333984375 0.6520182291666666 0.044921875 0.0684814453125
1 0.74560546875 0.76953125 0.047332763671875 0.0704345703125
1 0.455322265625 0.6282552083333334 0.04132080078125 0.039164225260416664
1 0.98583984375 0.703125 0.0236968994140625 0.040059407552083336
1 0.93212890625 0.400390625 0.04083251953125 0.042805989583333336
1 0.357666015625 0.7454427083333334 0.04193115234375 0.057820638020833336
1 0.40087890625 0.5514322916666666 0.01519012451171875 0.035135904947916664
