1 0.27587890625 0.6100260416666666 0.046295166015625 0.042643229166666664
1 0.43603515625 0.3486328125 0.041534423828125 0.048746744791666664
1 0.36279296875 0.5211588541666666 0.044586181640625 0.058919270833333336
1 0.485107421875 0.3515625 0.043609619140625 0.037699381510416664
1 0.56884765625 0.6546223958333334 0.0552978515625 0.049845377604166664
1 0.6474609375 0.3802083333333333 0.0439453125 0.047037760416666664
1 0.86376953125 0.4527994791666667 0.05291748046875 0.045125325520833336
1 0.1461181640625 0.5729166666666666 0.046295166015625 0.06477864583333333
1 0.07904052734375 0.5748697916666666 0.03155517578125 0.035746256510416664
1 0.330810546875 0.4322916666666667 0.033203125 0.052164713541666664
1 0.32177734375 0.3232421875 0.044586181640625 0.058349609375
1 0.78515625 0.294921875 0.039794921875 0.0557861328125
1 0.416259765625 0.62109375 0.042724609375 0.059244791666666664
1 0.71484375 0.4798177083333333 0.04486083984375 0.06925455729166667
1 0.1396484375 0.6487630208333334 0.05242919921875 0.07413736979166667
1 0.83935546875 0.6266276041666666 0.0261077880859375 0.03863525390625
1 0.583984375 0.7213541666666666 0.049957275390625 0.07080078125
1 0.428466796875 0.4401041666666667 0.05792236328125 0.0545654296875
1 0.1671142578125 0.7526041666666666 0.047149658203125 0.06526692708333333
1 0.23974609375 0.515625 0.015960693359375 0.03900146484375
1 0.7783203125 0.4947916666666667 0.0167236328125 0.008921305338541666
1 0.650390625 0.7721354166666666 0.0162811279296875 0.010833740234375
1 0.61865234375 0.4557291666666667 0.03338623046875 0.044962565104166664
1 0.79541015625 0.7356770833333334 0.060516357421875 0.06685384114583333
