1 0.2427978515625 0.3860677083333333 0.0207672119140625 0.035746256510416664
1 0.129638671875 0.3828125 0.0254669189453125 0.038716634114583336
1 0.425048828125 0.3125 0.023284912109375 0.0146484375
1 0.1859130859375 0.5553385416666666 0.01953125 0.028828938802083332
1 0.07965087890625 0.5953776041666666 0.0247039794921875 0.02435302734375
1 0.137451171875 0.5924479166666666 0.00971221923828125 0.009348551432291666
1 0.346923828125 0.5485026041666666 0.0199432373046875 0.018900553385416668
1 0.24365234375 0.7063802083333334 0.0207672119140625 0.031107584635416668
1 0.41259765625 0.5631510416666666 0.0089874267578125 0.0089569091796875
1 0.320068359375 0.6725260416666666 0.0083770751953125 0.011800130208333334
1 0.1632080078125 0.6451822916666666 0.007549285888671875 0.007975260416666666
1 0.265869140625 0.6233723958333334 0.01262664794921875 0.020802815755208332
