1 0.1588134765625 0.6653645833333334 0.0247955322265625 0.032755533854166664
1 0.278076171875 0.6507161458333334 0.0231475830078125 0.037211100260416664
1 0.1070556640625 0.4332682291666667 0.026763916015625 0.037618001302083336
1 0.223388671875 0.7096354166666666 0.02886962890625 0.03045654296875
1 0.0823974609375 0.6966145833333334 0.0284423828125 0.02679443359375
1 0.4453125 0.4407552083333333 0.0254669189453125 0.034871419270833336
1 0.1087646484375 0.6861979166666666 0.0240020751953125 0.030863444010416668
1 0.1644287109375 0.7063802083333334 0.0246124267578125 0.038411458333333336
1 0.250244140625 0.4231770833333333 0.025421142578125 0.036234537760416664
1 0.400390625 0.3876953125 0.029083251953125 0.03057861328125
1 0.45751953125 0.3860677083333333 0.022369384765625 0.025736490885416668
1 0.474365234375 0.46875 0.0251312255859375 0.036844889322916664
1 0.43603515625 0.4733072916666667 0.022369384765625 0.029825846354166668
1 0.251708984375 0.5169270833333334 0.03314208984375 0.032002766927083336
1 0.2113037109375 0.3932291666666667 0.017852783203125 0.013987223307291666
1 0.1390380859375 0.720703125 0.02532958984375 0.039530436197916664
1 0.296142578125 0.4254557291666667 0.0341796875 0.045735677083333336
1 0.165771484375 0.3776041666666667 0.0179901123046875 0.014821370442708334
1 0.429443359375 0.5009765625 0.0173797607421875 0.020172119140625
1 0.3671875 0.4173177083333333 0.023193359375 0.03997802734375
1 0.560546875 0.7122395833333334 0.02447509765625 0.03070068359375
1 0.2890625 0.5205078125 0.015777587890625 0.014882405598958334
1 0.416259765625 0.3414713541666667 0.01267242431640625 0.01202392578125
1 0.52490234375 0.3717447916666667 0.015960693359375 0.018971761067708332
1 0.448486328125 0.796875 0.01229095458984375 0.014882405598958334
1 0.377685546875 0.431640625 0.03436279296875 0.03857421875
