1 0.65625 0.6686197916666666 0.0256195068359375 0.0364990234375
1 0.77490234375 0.6461588541666666 0.0268096923828125 0.022216796875
1 0.447265625 0.7981770833333334 0.0280609130859375 0.029886881510416668
1 0.82080078125 0.6282552083333334 0.0230712890625 0.02398681640625
1 0.329345703125 0.693359375 0.032470703125 0.026285807291666668
1 0.541015625 0.5494791666666666 0.0299224853515625 0.025553385416666668
1 0.73046875 0.8645833333333334 0.03656005859375 0.045125325520833336
1 0.6953125 0.4163411458333333 0.025177001953125 0.03826904296875
1 0.79296875 0.5211588541666666 0.0313720703125 0.025838216145833332
1 0.4619140625 0.6204427083333334 0.0261993408203125 0.029947916666666668
1 0.63330078125 0.8548177083333334 0.0222015380859375 0.037068684895833336
1 0.529296875 0.6516927083333334 0.021240234375 0.02325439453125
1 0.480712890625 0.564453125 0.0217437744140625 0.023173014322916668
1 0.355712890625 0.5651041666666666 0.034759521484375 0.039896647135416664
1 0.60888671875 0.5123697916666666 0.0242767333984375 0.0260009765625
1 0.75830078125 0.5309244791666666 0.019378662109375 0.0289306640625
1 0.6357421875 0.419921875 0.0224609375 0.031351725260416664
1 0.724609375 0.4332682291666667 0.0224151611328125 0.018391927083333332
1 0.64404296875 0.5709635416666666 0.0246124267578125 0.031290690104166664
1 0.385986328125 0.8639322916666666 0.0343017578125 0.033772786458333336
1 0.64599609375 0.5283203125 0.0252227783203125 0.024861653645833332
1 0.68798828125 0.4609375 0.0261077880859375 0.021280924479166668
1 0.80078125 0.42578125 0.018157958984375 0.020406087239583332
1 0.76953125 0.4290364583333333 0.0300445556640625 0.030171712239583332
1 0.35205078125 0.4606119791666667 0.033203125 0.041829427083333336
1 0.6416015625 0.7005208333333334 0.0187225341796875 0.025797526041666668
1 0.50341796875 0.4446614583333333 0.01934814453125 0.026896158854166668
1 0.53076171875 0.4625651041666667 0.0181884765625 0.032755533854166664
1 0.396484375 0.4342447916666667 0.016845703125 0.027791341145833332
1 0.4814453125 0.4313151041666667 0.0201416015625 0.0230712890625
1 0.70458984375 0.4990234375 0.0187225341796875 0.035400390625
1 0.421630859375 0.4576822916666667 0.022979736328125 0.03350830078125
1 0.55078125 0.4996744791666667 0.021087646484375 0.03857421875
1 0.344482421875 0.7669270833333334 0.037109375 0.0262451171875
1 0.42529296875 0.7552083333333334 0.018768310546875 0.026041666666666668
1 0.343994140625 0.4908854166666667 0.0215301513671875 0.029032389322916668
1 0.595703125 0.4801432291666667 0.024932861328125 0.028055826822916668
1 0.48583984375 0.5071614583333334 0.0232391357421875 0.0274658203125
1 0.6943359375 0.4850260416666667 0.024749755859375 0.02056884765625
1 0.7958984375 0.4677734375 0.045440673828125 0.033243815104166664
1 0.64404296875 0.4537760416666667 0.0201416015625 0.020650227864583332
1 0.57177734375 0.4485677083333333 0.030853271484375 0.048299153645833336
1 0.447265625 0.4580078125 0.015838623046875 0.023885091145833332
1 0.461181640625 0.4671223958333333 0.0191192626953125 0.024820963541666668
1 0.755859375 0.4501953125 0.0197906494140625 0.027425130208333332
1 0.488525390625 0.6383463541666666 0.0177154541015625 0.024861653645833332
1 0.75341796875 0.4742838541666667 0.0189056396484375 0.023173014322916668
1 0.458740234375 0.4860026041666667 0.0164031982421875 0.02838134765625
1 0.377685546875 0.4856770833333333 0.0235137939453125 0.031229654947916668
1 0.55419921875 0.7513020833333334 0.0189361572265625 0.023701985677083332
1 0.6015625 0.7389322916666666 0.023468017578125 0.021199544270833332
1 0.383056640625 0.466796875 0.0237274169921875 0.03045654296875
1 0.77685546875 0.4485677083333333 0.015960693359375 0.025166829427083332
1 0.763671875 0.73828125 0.022979736328125 0.023885091145833332
