1 0.638671875 0.3623046875 0.04486083984375 0.0462646484375
1 0.42138671875 0.3294270833333333 0.04168701171875 0.050333658854166664
1 0.47265625 0.3289388020833333 0.044586181640625 0.03961181640625
1 0.262451171875 0.5911458333333334 0.0469970703125 0.04083251953125
1 0.85400390625 0.4342447916666667 0.053192138671875 0.045654296875
1 0.56201171875 0.63671875 0.05645751953125 0.051595052083333336
1 0.0631103515625 0.5576171875 0.031494140625 0.035685221354166664
1 0.317626953125 0.4134114583333333 0.03289794921875 0.05126953125
1 0.35205078125 0.5055338541666666 0.046722412109375 0.0596923828125
1 0.40380859375 0.6028645833333334 0.041534423828125 0.057169596354166664
1 0.1324462890625 0.5550130208333334 0.044769287109375 0.06551106770833333
1 0.3095703125 0.3048502604166667 0.04443359375 0.061482747395833336
1 0.1251220703125 0.6334635416666666 0.053192138671875 0.07609049479166667
1 0.5732421875 0.7024739583333334 0.047149658203125 0.0723876953125
1 0.7021484375 0.4602864583333333 0.043609619140625 0.07120768229166667
1 0.775390625 0.2752278645833333 0.03533935546875 0.057088216145833336
1 0.5849609375 0.5511067708333334 0.04595947265625 0.050048828125
1 0.82861328125 0.6067708333333334 0.026153564453125 0.042236328125
1 0.77880859375 0.7161458333333334 0.0638427734375 0.06624348958333333
1 0.1514892578125 0.7376302083333334 0.04620361328125 0.0635986328125
1 0.6259765625 0.3229166666666667 0.010650634765625 0.012990315755208334
1 0.407470703125 0.4222005208333333 0.0369873046875 0.049397786458333336
