1 0.5771484375 0.5328776041666666 0.027374267578125 0.0352783203125
1 0.484375 0.716796875 0.026763916015625 0.04144287109375
1 0.5341796875 0.4918619791666667 0.03289794921875 0.035603841145833336
1 0.658203125 0.5139973958333334 0.03314208984375 0.033772786458333336
1 0.452392578125 0.5485026041666666 0.0189056396484375 0.036234537760416664
1 0.56494140625 0.4788411458333333 0.025421142578125 0.031595865885416664
1 0.640625 0.5758463541666666 0.023773193359375 0.030517578125
1 0.7265625 0.595703125 0.029815673828125 0.038411458333333336
1 0.73876953125 0.759765625 0.0272216796875 0.0283203125
1 0.771484375 0.8131510416666666 0.0248870849609375 0.036356608072916664
1 0.52734375 0.4280598958333333 0.0255584716796875 0.035685221354166664
1 0.62060546875 0.6790364583333334 0.0325927734375 0.036844889322916664
1 0.568359375 0.5732421875 0.0287017822265625 0.036783854166666664
1 0.52783203125 0.6305338541666666 0.0209197998046875 0.036783854166666664
1 0.6953125 0.5432942708333334 0.0271759033203125 0.034403483072916664
1 0.259521484375 0.6656901041666666 0.0274810791015625 0.034342447916666664
1 0.5966796875 0.4641927083333333 0.0259552001953125 0.020721435546875
1 0.77490234375 0.8502604166666666 0.0297088623046875 0.027628580729166668
1 0.55322265625 0.763671875 0.0222930908203125 0.03826904296875
1 0.57763671875 0.6998697916666666 0.03582763671875 0.040506998697916664
1 0.69287109375 0.4462890625 0.0292510986328125 0.030171712239583332
1 0.5625 0.8580729166666666 0.029083251953125 0.035400390625
1 0.51953125 0.8391927083333334 0.03314208984375 0.048380533854166664
1 0.77001953125 0.5094401041666666 0.03143310546875 0.0458984375
1 0.40673828125 0.7356770833333334 0.0224151611328125 0.035888671875
1 0.358642578125 0.4443359375 0.02215576171875 0.036356608072916664
1 0.71142578125 0.7610677083333334 0.022674560546875 0.03863525390625
1 0.4638671875 0.751953125 0.0282135009765625 0.032368977864583336
1 0.515625 0.6790364583333334 0.028594970703125 0.034403483072916664
1 0.408935546875 0.5335286458333334 0.023956298828125 0.026590983072916668
1 0.6015625 0.599609375 0.0321044921875 0.043212890625
1 0.697265625 0.4928385416666667 0.0217742919921875 0.036234537760416664
1 0.52880859375 0.5638020833333334 0.029815673828125 0.037699381510416664
1 0.66015625 0.634765625 0.0293121337890625 0.0382080078125
1 0.220703125 0.4905598958333333 0.0255584716796875 0.02618408203125
1 0.7197265625 0.6510416666666666 0.0260009765625 0.0374755859375
1 0.34912109375 0.6575520833333334 0.0279083251953125 0.045654296875
1 0.232666015625 0.5299479166666666 0.021087646484375 0.037984212239583336
1 0.2413330078125 0.4182942708333333 0.017852783203125 0.032511393229166664
1 0.263916015625 0.4742838541666667 0.028656005859375 0.0364990234375
1 0.7109375 0.3990885416666667 0.01953125 0.033060709635416664
1 0.7236328125 0.466796875 0.02606201171875 0.042236328125
1 0.2939453125 0.7135416666666666 0.0224609375 0.0389404296875
1 0.681640625 0.4208984375 0.0258026123046875 0.03350830078125
1 0.67919921875 0.3600260416666667 0.02447509765625 0.024312337239583332
1 0.255615234375 0.7376302083333334 0.020172119140625 0.0360107421875
1 0.368408203125 0.6442057291666666 0.020843505859375 0.03857421875
1 0.403076171875 0.6588541666666666 0.0203704833984375 0.026957194010416668
1 0.474853515625 0.61328125 0.0283355712890625 0.030049641927083332
1 0.62109375 0.3916015625 0.0300445556640625 0.034403483072916664
1 0.34765625 0.5071614583333334 0.033905029296875 0.06416829427083333
1 0.7119140625 0.697265625 0.028106689453125 0.03863525390625
1 0.56103515625 0.4401041666666667 0.0247955322265625 0.031880696614583336
1 0.33544921875 0.5628255208333334 0.0179901123046875 0.033121744791666664
1 0.251708984375 0.7955729166666666 0.021820068359375 0.037129720052083336
1 0.63720703125 0.708984375 0.0211181640625 0.038492838541666664
1 0.489013671875 0.6350911458333334 0.020843505859375 0.031107584635416668
1 0.57861328125 0.4186197916666667 0.0167236328125 0.028157552083333332
1 0.2666015625 0.525390625 0.018798828125 0.036702473958333336
1 0.3779296875 0.8483072916666666 0.0345458984375 0.038777669270833336
1 0.42919921875 0.8235677083333334 0.0235137939453125 0.038411458333333336
1 0.25439453125 0.5579427083333334 0.023651123046875 0.032694498697916664
1 0.72119140625 0.4153645833333333 0.02288818359375 0.0360107421875
1 0.237060546875 0.5774739583333334 0.0239105224609375 0.0352783203125
1 0.277099609375 0.458984375 0.0129241943359375 0.027364095052083332
1 0.7421875 0.4130859375 0.03021240234375 0.036641438802083336
1 0.6884765625 0.3766276041666667 0.0110321044921875 0.0213623046875
1 0.64111328125 0.423828125 0.00885009765625 0.015828450520833332
1 0.457275390625 0.58984375 0.0116424560546875 0.0213623046875
1 0.282958984375 0.5113932291666666 0.015899658203125 0.027730305989583332
1 0.39453125 0.6129557291666666 0.01090240478515625 0.0211181640625
