0 0.597277 0.660556 0.050197 0.033711
0 0.727526 0.571973 0.019357 0.035679
0 0.761811 0.566683 0.041339 0.035433
0 0.597769 0.574188 0.043307 0.022884
0 0.597441 0.547367 0.043963 0.023376
0 0.582677 0.622416 0.046588 0.032726
0 0.751312 0.502584 0.033465 0.034695
1 0.776575 0.517347 0.013780 0.015010
1 0.831529 0.454970 0.016076 0.012795
1 0.807743 0.548351 0.017060 0.012057
0 0.629593 0.414493 0.032808 0.023868
0 0.313648 0.638903 0.035433 0.019439
0 0.348261 0.605684 0.035105 0.028297
0 0.327264 0.560531 0.025919 0.019685
0 0.288386 0.611467 0.029528 0.027067
0 0.410433 0.589690 0.025591 0.022884
0 0.428806 0.534572 0.032152 0.017963
0 0.418143 0.566437 0.034449 0.019193
0 0.362369 0.504060 0.026575 0.021900
