1 0.6390482818240838 0.7663338860019909 0.047775195127826464 0.04685740454991366
1 0.67529296875 0.6181640625 0.0279541015625 0.033894856770833336
1 0.8701171875 0.6298828125 0.042327880859375 0.037618001302083336
1 0.51220703125 0.7278645833333334 0.0310211181640625 0.045979817708333336
1 0.47119140625 0.6529947916666666 0.03167724609375 0.045654296875
1 0.69482421875 0.5628255208333334 0.03240966796875 0.031697591145833336
1 0.7529296875 0.6432291666666666 0.035491943359375 0.047932942708333336
1 0.402099609375 0.7135416666666666 0.03533935546875 0.02899169921875
1 0.44873046875 0.5843098958333334 0.02606201171875 0.037211100260416664
1 0.52978515625 0.5286458333333334 0.0305023193359375 0.0306396484375
1 0.30517578125 0.6803385416666666 0.03948974609375 0.049397786458333336
1 0.80224609375 0.5071614583333334 0.0295867919921875 0.03741455078125
1 0.6474609375 0.8190104166666666 0.0384521484375 0.060465494791666664
1 0.5654296875 0.5305989583333334 0.033599853515625 0.02618408203125
1 0.60498046875 0.5738932291666666 0.034698486328125 0.032511393229166664
1 0.2493896484375 0.677734375 0.0189056396484375 0.0264892578125
1 0.313720703125 0.81640625 0.035400390625 0.04931640625
1 0.294677734375 0.736328125 0.0384521484375 0.059041341145833336
1 0.81982421875 0.8346354166666666 0.04779052734375 0.0523681640625
1 0.85400390625 0.7571614583333334 0.0227203369140625 0.032185872395833336
1 0.52392578125 0.5966796875 0.040313720703125 0.041605631510416664
1 0.43896484375 0.5016276041666666 0.0265045166015625 0.029886881510416668
1 0.355224609375 0.8229166666666666 0.0457763671875 0.07552083333333333
1 0.355712890625 0.6608072916666666 0.015960693359375 0.031473795572916664
